-0.064091 -0.176030 -0.044850 0.132031 -0.133657 -0.193525 0.014787 0.142492 -0.505186 -0.099111  
0.012338 -0.107599 -0.059882 0.116615 -0.070014 -0.133106 0.042432 0.007778 -0.426090 0.023569  
0.119902 -0.151770 -0.157959 0.196682 0.019903 -0.257607 0.010727 0.051012 -0.294871 -0.018807  
0.032733 -0.148235 -0.133032 0.096518 -0.021110 -0.210056 -0.022613 0.013738 -0.285273 0.011500  
-0.036249 -0.066453 0.074393 0.103636 -0.084696 -0.053987 0.072608 -0.008180 -0.169669 -0.004887  
0.054134 -0.047406 -0.025039 0.097646 -0.008780 -0.103161 0.023285 -0.004008 -0.162844 0.018992  
0.030764 -0.019072 0.015812 0.043420 0.012960 -0.022304 -0.048928 -0.035783 -0.072932 0.014730  
0.048105 -0.015621 -0.027680 0.052507 0.039716 -0.042587 -0.054506 -0.011937 -0.062534 -0.007790  
-0.116262 -0.025481 0.126773 0.015076 -0.069720 0.022086 0.080672 -0.100223 -0.177920 0.152446  
-0.053209 -0.055256 0.036535 0.036203 -0.050773 0.009111 0.063128 -0.056945 -0.121617 0.075338  
0.005297 -0.046750 -0.021066 0.033463 0.020062 -0.036603 -0.019485 0.017196 -0.069388 -0.034748  
