-0.010802 -0.102401 -0.028790 0.110343 -0.052276 -0.239392 0.032832 0.200444 -0.475745 -0.071654  
0.031920 -0.138705 0.006018 0.148504 -0.091137 -0.130792 -0.009681 0.046889 -0.386057 0.038905  
0.130385 -0.220575 -0.182927 0.193400 0.033596 -0.204354 0.014795 0.037345 -0.288933 -0.053506  
0.135341 -0.104183 -0.041029 0.145107 -0.000163 -0.110991 0.075919 0.060799 -0.229456 -0.010284  
0.078518 -0.022181 -0.035590 0.084670 -0.035789 -0.094254 0.067750 -0.018809 -0.196859 0.000820  
-0.001351 -0.019319 0.017020 0.074370 0.002666 -0.034234 0.005572 -0.062567 -0.100379 0.046608  
0.021534 -0.034030 -0.014143 0.038566 -0.005539 -0.032152 -0.002141 0.032489 -0.078347 -0.053236  
-0.087778 0.017136 0.041332 -0.026849 -0.051828 0.041099 0.051690 -0.057215 -0.122658 0.053989  
-0.001334 -0.046190 -0.011149 0.030453 -0.006704 -0.018351 0.002405 -0.009051 -0.075636 -0.012070  
-0.004949 0.045690 -0.008616 -0.034748 0.001480 0.056610 -0.017685 -0.033042 -0.031549 -0.013439  
0.051738 -0.072120 -0.059145 0.064395 0.045217 -0.057723 -0.021178 0.024853 -0.061243 -0.047861  
