Input file for x movement : OPT/rand_mat
Input file for y movement : OPT/movy.txt
Images size               : 20 20
Maximum absolute error : 0.010000   
Initial temperature: 8.000    
Number of iterations   : 5000 
Maximum number of subsystems: 10 
Temperature decrease   : exponential 
Gain factor   0.001000 
Correction mode: non-conditioned 

------------------------------------------------
Initial number of equations: 400
------------------------------------------------

1 2 2 3 3 7 7 7 3 7 3 7 7 7 1 7 2 1 1 3 
2 3 2 3 2 3 2 3 3 3 3 2 7 1 2 1 1 3 7 7 
7 2 3 2 3 3 7 7 7 3 1 2 7 1 1 3 2 3 3 3 
7 3 3 3 2 2 7 3 3 7 1 1 1 3 2 7 3 3 3 2 
3 3 2 7 2 3 7 7 1 1 2 7 3 7 7 3 3 3 7 2 
3 2 3 3 2 3 2 0 7 1 2 7 3 3 2 7 2 7 7 3 
3 3 3 3 2 1 1 1 3 2 3 7 3 7 3 2 3 3 2 2 
3 3 7 3 1 1 1 7 3 2 7 3 2 7 3 2 7 3 2 3 
2 0 3 0 2 3 3 2 3 7 3 3 3 3 3 3 3 2 2 3 
3 0 7 2 0 0 0 0 0 0 0 2 9 0 8 7 3 2 3 3 
3 3 3 3 5 5 5 5 0 0 0 9 8 0 0 3 7 3 3 3 
3 0 7 3 4 4 4 4 4 4 4 4 2 4 4 3 2 3 7 2 
3 7 3 2 0 6 6 6 6 6 0 0 5 4 4 3 3 3 3 2 
3 2 7 3 0 3 9 8 6 6 6 6 6 2 0 3 7 3 2 3 
2 2 3 3 9 8 8 0 0 0 0 6 6 6 6 3 7 3 3 3 
2 3 3 3 3 7 3 3 7 2 3 3 7 7 3 2 3 2 3 3 
3 3 3 3 2 7 3 3 3 3 7 3 3 3 3 3 3 2 3 7 
3 3 3 2 3 7 7 3 2 7 2 7 3 7 3 7 2 3 3 3 
3 2 3 3 2 7 7 2 7 7 3 7 3 3 3 7 7 3 2 2 
2 3 2 3 3 3 3 3 3 3 3 3 3 7 3 2 3 3 2 3 


+2.49370933e+00 -2.18361944e-01 -5.14361501e-01   size->  22
+2.49950004e+00 -1.99966803e-01 -2.99955726e-01   size->  73
+2.29963970e+00 -1.99978501e-01 -4.99974102e-01   size-> 168
+2.01427269e+00 -3.23164761e-01 -1.47164732e-01   size->  12
+2.00427294e+00 -3.29572290e-01 -1.38936833e-01   size->   5
+1.99849379e+00 -3.21462542e-01 -1.38944000e-01   size->  14
+1.70087731e+00 -2.00067312e-01 -1.00054406e-01   size->  70
+3.14598823e+00 -3.70503306e-01 -2.05592439e-01   size->   5
+3.11484289e+00 -3.72236997e-01 -2.08432123e-01   size->   4
Calculation time: 12.04s

------------------------------------------
Maximum absolute error : 0.050000   

1 2 2 5 5 4 4 4 1 4 1 4 4 4 1 8 3 1 1 1 
1 5 2 5 4 5 0 5 1 1 1 6 7 1 3 1 1 1 9 9 
4 2 3 2 0 5 4 4 4 1 1 6 0 1 1 1 3 1 1 1 
4 5 3 5 2 10 4 1 1 4 1 1 1 1 3 0 1 1 1 3 
2 5 10 4 2 1 4 4 1 1 6 0 1 8 8 1 1 1 9 3 
2 0 5 5 4 1 6 0 0 1 6 0 1 1 6 9 3 9 9 1 
2 5 5 5 4 1 1 1 1 6 1 8 1 8 1 3 1 1 3 3 
2 5 0 1 1 1 1 0 1 2 8 1 6 8 1 3 9 1 3 1 
6 0 5 0 4 1 1 2 1 8 1 1 1 1 1 1 1 3 3 1 
5 0 4 6 1 0 0 3 3 0 0 2 2 7 7 9 1 3 1 1 
1 1 1 1 1 7 7 7 3 3 7 2 2 2 7 1 0 1 1 1 
5 0 4 1 7 5 7 7 3 3 3 7 2 2 2 1 2 1 0 3 
5 4 5 6 7 5 7 7 7 3 3 3 2 2 2 1 1 1 1 2 
5 6 4 1 0 1 0 0 0 3 3 3 2 2 2 1 4 1 2 1 
6 6 5 3 0 1 0 0 0 3 3 3 3 2 2 1 4 1 1 1 
6 2 5 3 5 4 1 1 4 2 1 1 4 4 1 2 1 2 1 1 
5 2 5 3 4 4 1 1 1 1 4 1 1 1 1 1 1 2 1 4 
5 2 5 6 5 4 4 1 6 4 2 4 1 4 1 4 2 1 1 1 
5 6 5 3 4 4 4 6 4 4 1 4 1 1 1 4 4 1 2 2 
6 2 6 3 5 5 5 5 1 1 1 1 1 4 1 2 1 1 2 1 


+2.49368739e+00 -2.18360797e-01 -5.14366329e-01   size-> 142
+2.45805168e+00 -2.24618211e-01 -2.68505901e-01   size->  46
+1.88521349e+00 -2.19333723e-01 -2.59018213e-01   size->  40
+1.76573074e+00 -2.06167579e-01 -1.06324442e-01   size->  50
+2.26820064e+00 -1.97297826e-01 -4.91393507e-01   size->  38
+2.37722063e+00 -1.90239981e-01 -2.89053053e-01   size->  21
+2.54194236e+00 -3.65031749e-01 -1.56971321e-01   size->  16
+1.97519946e+00 -2.09945813e-01 -1.18054725e-01   size->   8
+2.09160900e+00 -2.17036977e-01 -1.20051228e-01   size->   8
+2.49789643e+00 -2.14350253e-01 -2.88804233e-01   size->   2
Calculation time: 10.71s

----------------------------------------
Maximum absolute error : 0.100000   

1 2 2 5 5 3 3 3 1 3 1 3 3 3 1 2 4 1 1 1 
1 4 2 5 3 0 6 1 1 1 1 4 2 1 4 1 1 1 3 3 
3 6 5 2 0 5 3 2 2 1 1 4 3 1 1 1 4 1 1 1 
3 2 5 5 2 6 3 1 1 3 1 1 1 1 4 3 1 1 1 4 
1 4 6 3 3 1 3 3 1 1 4 3 1 3 3 1 1 1 3 4 
1 6 2 7 3 1 6 0 3 1 4 3 1 1 4 3 4 3 3 1 
1 5 5 5 3 1 1 1 1 4 1 3 1 3 1 4 1 1 4 4 
1 5 3 1 1 1 1 3 1 4 3 1 4 3 1 4 3 1 4 1 
6 0 1 0 3 1 1 4 1 3 1 1 1 1 1 1 1 4 4 1 
1 0 3 6 1 0 0 7 7 7 6 4 4 4 4 3 1 4 1 1 
1 1 1 1 1 2 2 2 2 2 2 2 2 2 2 1 3 1 1 1 
1 0 3 1 1 1 2 2 2 2 2 2 2 2 2 1 4 1 3 6 
4 3 1 6 1 1 2 2 2 2 2 2 2 2 2 1 1 1 1 6 
4 6 3 1 2 1 2 2 2 2 2 2 2 2 2 1 3 1 6 1 
6 6 1 1 2 1 2 2 2 2 2 2 2 2 2 1 3 1 1 1 
6 1 1 1 1 3 1 1 3 4 1 1 3 3 1 2 1 2 1 1 
5 1 1 1 3 3 1 1 1 1 3 1 1 1 1 1 1 2 1 3 
5 1 1 4 1 3 3 1 4 3 4 3 1 3 1 3 2 1 1 1 
5 4 1 1 3 3 3 4 3 3 1 3 1 1 1 3 3 1 2 2 
4 1 4 1 1 1 1 1 1 1 1 1 1 3 1 2 1 1 2 1 


+2.49369979e+00 -2.18363196e-01 -5.14356613e-01   size-> 175
+2.28485465e+00 -3.39862674e-01 -1.38007581e-01   size->  67
+1.72968841e+00 -2.02858999e-01 -1.02566525e-01   size->  73
+1.97728968e+00 -1.73908845e-01 -2.58732766e-01   size->  41
+2.20171690e+00 -1.91252902e-01 -4.73655730e-01   size->  14
+2.49863124e+00 -1.99847296e-01 -2.99864501e-01   size->  17
+1.29159737e+00 -1.11920841e-01 -3.07300329e-01   size->   4
Calculation time: 7.19s

-------------------------------------
Maximum absolute error : 0.150000   

1 1 2 4 8 6 3 3 1 3 1 3 3 3 1 0 7 1 1 1 
1 1 2 5 6 10 4 1 1 1 1 0 2 1 7 1 1 1 6 6 
2 1 1 2 0 1 2 2 2 1 1 7 6 1 1 1 5 1 1 1 
2 1 3 7 2 4 6 1 1 3 1 1 1 1 5 0 1 1 1 5 
1 1 0 6 6 1 6 6 1 1 7 0 1 4 4 1 1 1 4 5 
1 0 5 10 6 1 2 0 0 1 7 4 1 1 5 4 5 4 4 1 
1 1 8 1 4 1 1 1 1 7 1 9 1 9 1 5 1 1 5 5 
1 1 9 1 1 1 1 3 1 2 9 1 5 9 1 5 9 1 5 1 
0 0 1 0 3 1 1 0 1 8 1 1 1 1 1 1 1 5 5 1 
1 0 3 8 1 2 2 2 2 2 2 2 2 2 2 8 1 5 1 1 
1 1 1 1 1 1 2 2 2 2 2 2 2 2 2 1 8 1 1 1 
1 0 3 1 1 1 2 2 2 2 2 2 2 2 2 1 5 1 8 5 
5 3 1 5 1 1 2 2 2 2 2 2 2 2 2 1 1 1 1 5 
1 4 3 1 1 1 2 2 2 2 2 2 2 2 2 1 0 1 5 1 
9 4 1 1 1 1 1 2 2 2 2 2 2 2 2 1 0 1 1 1 
4 1 1 1 1 3 1 1 3 5 1 1 7 7 1 2 1 2 1 1 
1 1 1 1 3 3 1 1 1 1 3 1 1 1 1 1 1 2 1 7 
1 1 1 3 1 3 3 1 5 3 5 3 1 7 1 7 2 1 1 1 
1 0 1 1 3 3 3 5 3 3 1 3 1 1 1 7 7 1 2 2 
0 1 3 1 1 1 1 1 1 1 1 1 1 7 1 2 1 1 2 1 


+2.49369669e+00 -2.18355000e-01 -5.14369905e-01   size-> 193
+2.14385819e+00 -3.48992437e-01 -1.21644258e-01   size->  74
+1.37738204e+00 -1.74056321e-01 -7.33127892e-02   size->  31
+1.14081669e+00 -1.13269322e-01 -8.70962813e-02   size->  14
+1.47557974e+00 -1.31062612e-01 -2.65156478e-01   size->  27
+1.50466657e+00 -1.68163866e-01 -8.91185626e-02   size->  11
+9.78386104e-01 -7.96236992e-02 -1.89134225e-01   size->  15
+7.58342206e-01 -7.03215227e-02 -1.14325762e-01   size->   7
+8.82981539e-01 -8.65138993e-02 -8.86065587e-02   size->   7
+1.02650976e+00 -8.62060860e-02 -2.62994170e-01   size->   2
Calculation time: 8.44s

---------------------------------------
Maximum absolute error : 0.200000   

1 1 2 1 4 3 3 3 1 3 1 3 3 3 1 0 7 1 1 1 
1 1 2 4 2 0 8 1 1 1 1 0 2 1 7 1 1 1 5 5 
2 1 1 2 0 1 2 2 2 1 1 7 0 1 1 1 4 1 1 1 
2 1 1 4 2 2 3 1 1 3 1 1 1 1 4 5 1 1 1 4 
1 1 0 3 3 1 3 3 1 1 7 5 1 0 0 1 1 1 6 4 
1 0 4 0 3 1 2 0 5 1 7 0 1 1 4 6 4 6 6 1 
1 1 7 1 3 1 1 1 1 7 1 6 1 6 1 4 1 1 4 4 
1 1 5 1 1 1 1 3 1 2 3 1 4 6 1 4 6 1 4 1 
1 0 1 0 3 1 1 7 1 3 1 1 1 1 1 1 1 4 4 1 
1 0 3 6 1 2 2 2 2 2 2 2 2 2 2 3 1 4 1 1 
1 1 1 1 1 1 2 2 2 2 2 2 2 2 2 1 3 1 1 1 
1 0 3 1 1 1 2 2 2 2 2 2 2 2 2 1 2 1 3 4 
4 1 1 3 1 1 1 2 2 2 2 2 2 2 2 1 1 1 1 4 
1 5 3 1 1 1 1 2 2 2 2 2 2 2 2 1 3 1 2 1 
0 4 1 1 1 1 1 2 2 2 2 2 2 2 2 1 3 1 1 1 
4 1 1 1 1 3 1 1 3 4 1 1 3 3 1 2 1 2 1 1 
1 1 1 1 3 3 1 1 1 1 3 1 1 1 1 1 1 2 1 3 
1 1 1 3 1 3 3 1 4 3 4 3 1 3 1 3 2 1 1 1 
1 4 1 1 3 3 3 4 3 3 1 3 1 1 1 3 3 1 2 2 
0 1 3 1 1 1 1 1 1 1 1 1 1 3 1 2 1 1 2 1 


+2.49370217e+00 -2.18361899e-01 -5.14367163e-01   size-> 199
+2.16079569e+00 -3.51336360e-01 -1.26648039e-01   size->  76
+1.45654202e+00 -1.76971078e-01 -7.79265538e-02   size->  53
+1.41436577e+00 -1.26775786e-01 -2.65681505e-01   size->  29
+7.89666295e-01 -8.46608654e-02 -5.84443212e-02   size->   7
+7.86357462e-01 -8.44231248e-02 -7.82311186e-02   size->   9
+1.23145342e+00 -1.15574770e-01 -2.15402633e-01   size->   8
+8.16181540e-01 -8.42595771e-02 -5.05671799e-02   size->   1
Calculation time: 6.91s

-------------------------------------
Maximum absolute error : 0.250000   

1 1 1 1 4 3 3 3 1 3 1 3 3 3 1 3 5 1 1 1 
1 1 2 1 2 6 0 1 1 1 1 5 2 1 5 1 1 1 3 3 
2 1 1 2 6 1 2 2 2 1 1 5 3 1 1 1 4 1 1 1 
2 1 1 4 2 2 3 1 1 3 1 1 1 1 4 3 1 1 1 4 
1 1 0 3 3 1 3 3 1 1 5 3 1 3 3 1 1 1 3 4 
1 0 1 0 3 1 2 0 3 1 5 3 1 1 4 3 4 3 3 1 
1 1 4 1 3 1 1 1 1 2 1 3 1 3 1 4 1 1 4 4 
1 1 3 1 1 1 1 3 1 2 3 1 4 3 1 4 3 1 4 1 
1 0 1 0 3 1 1 5 1 3 1 1 1 1 1 1 1 4 4 1 
1 0 3 6 1 1 2 2 2 2 2 2 2 2 2 3 1 4 1 1 
1 1 1 1 1 1 2 2 2 2 2 2 2 2 2 1 3 1 1 1 
1 0 3 1 1 1 1 2 2 2 2 2 2 2 2 1 2 1 3 4 
4 1 1 4 1 1 1 2 2 2 2 2 2 2 2 1 1 1 1 2 
1 4 1 1 1 1 1 2 2 2 2 2 2 2 2 1 3 1 2 1 
4 4 1 1 1 1 1 1 2 2 2 2 2 2 2 1 3 1 1 1 
4 1 1 1 1 3 1 1 3 4 1 1 3 3 1 2 1 2 1 1 
1 1 1 1 3 3 1 1 1 1 3 1 1 1 1 1 1 2 1 3 
1 1 1 3 1 3 3 1 4 3 4 3 1 3 1 3 2 1 1 1 
1 4 1 1 3 3 3 3 3 3 1 3 1 1 1 3 3 1 2 2 
4 1 3 1 1 1 1 1 1 1 1 1 1 3 1 2 1 1 2 1 


+2.49369168e+00 -2.18357772e-01 -5.14371693e-01   size-> 206
+2.15889883e+00 -3.53139848e-01 -1.21719480e-01   size->  74
+1.64555967e+00 -1.96826071e-01 -9.50452834e-02   size->  71
+1.39953995e+00 -1.24990717e-01 -2.74642825e-01   size->  30
+1.46382737e+00 -1.16058320e-01 -2.31649518e-01   size->   7
+1.60566115e+00 -6.49059340e-02 -3.91085833e-01   size->   3
Calculation time: 5.72s

------------------------------------
Maximum absolute error : 0.300000   

1 1 1 1 4 2 2 2 1 2 1 2 2 2 1 2 3 1 1 1 
1 1 1 1 2 1 5 1 1 1 1 3 2 1 3 1 1 1 2 2 
2 1 1 2 0 1 2 2 2 1 1 3 2 1 1 1 3 1 1 1 
2 1 1 4 2 5 2 1 1 2 1 1 1 1 3 2 1 1 1 3 
1 1 0 2 2 1 2 2 1 1 3 2 1 2 2 1 1 1 2 3 
1 1 1 1 2 1 0 0 2 1 3 2 1 1 3 2 3 2 2 1 
1 1 3 1 2 1 1 1 1 3 1 2 1 2 1 3 1 1 3 3 
1 1 2 1 1 1 1 2 1 3 2 1 3 2 1 3 2 1 3 1 
1 0 1 0 2 1 1 4 1 2 1 1 1 1 1 1 1 3 3 1 
1 0 2 5 1 1 3 3 3 3 3 3 3 3 3 2 1 3 1 1 
1 1 1 1 1 1 3 3 3 3 3 3 3 3 3 1 2 1 1 1 
1 0 2 1 1 1 1 3 3 3 3 3 3 3 3 1 3 1 2 3 
1 1 1 2 1 1 1 3 3 3 3 3 3 3 3 1 1 1 1 3 
1 4 1 1 1 1 1 1 3 3 3 3 3 3 3 1 2 1 3 1 
4 4 1 1 1 1 1 1 3 3 3 3 3 3 3 1 2 1 1 1 
4 1 1 1 1 2 1 1 2 3 1 1 2 2 1 3 1 3 1 1 
1 1 1 1 2 2 1 1 1 1 2 1 1 1 1 1 1 3 1 2 
1 1 1 2 1 2 2 1 2 2 3 2 1 2 1 2 3 1 1 1 
1 5 1 1 2 2 2 2 2 2 1 2 1 1 1 2 2 1 3 3 
1 1 2 1 1 1 1 1 1 1 1 1 1 2 1 3 1 1 3 1 


+2.49370193e+00 -2.18364447e-01 -5.14347911e-01   size-> 213
+1.70209563e+00 -2.00156108e-01 -1.00151338e-01   size->  82
+1.81856060e+00 -2.02316403e-01 -2.56251454e-01   size->  86
+9.28031504e-01 -8.79145265e-02 -1.55951753e-01   size->   7
+1.48935986e+00 -1.42342970e-01 -1.35151863e-01   size->   4
Calculation time: 5.21s

-------------------------------------
Maximum absolute error : 0.350000   

1 1 1 1 4 2 2 2 1 2 1 2 2 2 1 2 3 1 1 1 
1 1 1 1 2 1 5 1 1 1 1 3 2 1 3 1 1 1 2 2 
2 1 1 2 0 1 2 2 2 1 1 3 2 1 1 1 3 1 1 1 
2 1 1 4 2 5 2 1 1 2 1 1 1 1 3 2 1 1 1 3 
1 1 0 2 2 1 2 2 1 1 3 2 1 2 2 1 1 1 2 3 
1 1 1 1 2 1 4 0 2 1 3 2 1 1 3 2 3 2 2 1 
1 1 3 1 2 1 1 1 1 3 1 2 1 2 1 3 1 1 3 3 
1 1 2 1 1 1 1 2 1 3 2 1 3 2 1 3 2 1 3 1 
1 0 1 0 2 1 1 3 1 2 1 1 1 1 1 1 1 3 3 1 
1 0 2 4 1 1 3 3 3 3 3 3 3 3 3 2 1 3 1 1 
1 1 1 1 1 1 1 3 3 3 3 3 3 3 3 1 2 1 1 1 
1 0 1 1 1 1 1 3 3 3 3 3 3 3 3 1 3 1 2 3 
1 1 1 2 1 1 1 1 3 3 3 3 3 3 3 1 1 1 1 3 
1 4 1 1 1 1 1 1 3 3 3 3 3 3 3 1 2 1 3 1 
4 4 1 1 1 1 1 1 1 3 3 3 3 3 3 1 2 1 1 1 
4 1 1 1 1 2 1 1 2 2 1 1 2 2 1 3 1 3 1 1 
1 1 1 1 2 2 1 1 1 1 2 1 1 1 1 1 1 3 1 2 
1 1 1 2 1 2 2 1 2 2 2 2 1 2 1 2 3 1 1 1 
1 5 1 1 2 2 2 2 2 2 1 2 1 1 1 2 2 1 3 3 
1 1 2 1 1 1 1 1 1 1 1 1 1 2 1 3 1 1 3 1 


+2.49371409e+00 -2.18362704e-01 -5.14360666e-01   size-> 217
+1.70162797e+00 -2.00119957e-01 -1.00117177e-01   size->  83
+1.82495487e+00 -2.02881381e-01 -2.56679237e-01   size->  82
+7.71189272e-01 -7.50788078e-02 -1.16322085e-01   size->   8
+1.39553595e+00 -1.32300660e-01 -1.20515473e-01   size->   3
Calculation time: 5.16s

--------------------------------------
Maximum absolute error : 0.400000   

1 1 1 1 4 2 2 2 1 2 1 2 2 2 1 2 3 1 1 1 
1 1 1 1 2 1 5 1 1 1 1 3 2 1 3 1 1 1 2 2 
2 1 1 2 0 1 2 2 2 1 1 3 2 1 1 1 3 1 1 1 
2 1 1 4 2 5 2 1 1 2 1 1 1 1 3 2 1 1 1 3 
1 1 2 2 2 1 2 2 1 1 3 2 1 2 2 1 1 1 2 3 
1 1 1 1 2 1 0 0 2 1 3 2 1 1 3 2 3 2 2 1 
1 1 4 1 2 1 1 1 1 3 1 2 1 2 1 3 1 1 3 3 
1 1 2 1 1 1 1 2 1 3 2 1 3 2 1 3 2 1 3 1 
1 0 1 0 2 1 1 0 1 2 1 1 1 1 1 1 1 3 3 1 
1 0 2 4 1 1 1 3 3 3 3 3 3 3 3 2 1 3 1 1 
1 1 1 1 1 1 1 3 3 3 3 3 3 3 3 1 2 1 1 1 
1 0 1 1 1 1 1 1 3 3 3 3 3 3 3 1 3 1 2 3 
1 1 1 2 1 1 1 1 3 3 3 3 3 3 3 1 1 1 1 3 
1 4 1 1 1 1 1 1 1 3 3 3 3 3 3 1 2 1 3 1 
4 5 1 1 1 1 1 1 1 3 3 3 3 3 3 1 2 1 1 1 
4 1 1 1 1 2 1 1 2 2 1 1 2 2 1 3 1 3 1 1 
1 1 1 1 2 2 1 1 1 1 2 1 1 1 1 1 1 3 1 2 
1 1 1 2 1 2 2 1 2 2 2 2 1 2 1 2 3 1 1 1 
1 1 1 1 2 2 2 2 2 2 1 2 1 1 1 2 2 1 3 3 
1 1 2 1 1 1 1 1 1 1 1 1 1 2 1 2 1 1 3 1 


+2.49370670e+00 -2.18363658e-01 -5.14365077e-01   size-> 221
+1.70154166e+00 -2.00113103e-01 -1.00111105e-01   size->  85
+1.65608060e+00 -1.97878689e-01 -2.53831565e-01   size->  76
+5.26454329e-01 -5.55671006e-02 -5.38434610e-02   size->   7
+6.56536162e-01 -7.48909339e-02 -1.31630711e-02   size->   3
Calculation time: 5.10s

------------------------------------
Maximum absolute error : 0.450000   

1 1 1 1 4 2 2 2 1 2 1 2 2 2 1 2 3 1 1 1 
1 1 1 1 2 1 5 1 1 1 1 0 2 1 3 1 1 1 2 2 
2 1 1 2 0 1 2 2 2 1 1 3 2 1 1 1 3 1 1 1 
2 1 1 3 2 5 2 1 1 2 1 1 1 1 3 2 1 1 1 3 
1 1 2 2 2 1 2 2 1 1 3 2 1 2 2 1 1 1 2 3 
1 1 1 1 2 1 0 0 2 1 3 2 1 1 3 2 3 2 2 1 
1 1 4 1 2 1 1 1 1 3 1 2 1 2 1 3 1 1 3 3 
1 1 2 1 1 1 1 2 1 3 2 1 3 2 1 3 2 1 3 1 
1 0 1 0 2 1 1 3 1 2 1 1 1 1 1 1 1 3 3 1 
1 0 2 4 1 1 1 3 3 3 3 3 3 3 3 2 1 3 1 1 
1 1 1 1 1 1 1 1 3 3 3 3 3 3 3 1 2 1 1 1 
1 0 1 1 1 1 1 1 3 3 3 3 3 3 3 1 3 1 2 3 
1 1 1 2 1 1 1 1 1 3 3 3 3 3 3 1 1 1 1 3 
1 4 1 1 1 1 1 1 1 3 3 3 3 3 2 1 2 1 3 1 
4 4 1 1 1 1 1 1 1 1 3 2 2 2 2 1 2 1 1 1 
4 1 1 1 1 2 1 1 2 2 1 1 2 2 1 2 1 3 1 1 
1 1 1 1 2 2 1 1 1 1 2 1 1 1 1 1 1 2 1 2 
1 1 1 2 1 2 2 1 2 2 2 2 1 2 1 2 2 1 1 1 
1 1 1 1 2 2 2 2 2 2 1 2 1 1 1 2 2 1 2 2 
1 1 1 1 1 1 1 1 1 1 1 1 1 2 1 2 1 1 2 1 


+2.49370551e+00 -2.18359247e-01 -5.14362454e-01   size-> 225
+1.70155680e+00 -2.00114235e-01 -1.00112207e-01   size->  95
+1.56990957e+00 -1.64879769e-01 -2.64139175e-01   size->  63
+5.58252513e-01 -5.97274974e-02 -6.30357265e-02   size->   7
+5.53801596e-01 -6.20020516e-02 -4.05450491e-03   size->   2
Calculation time: 5.03s

---------------------------------------
Maximum absolute error : 0.550000   

1 1 1 1 1 2 2 2 1 2 1 2 2 2 1 2 3 1 1 1 
1 1 1 1 2 1 0 1 1 1 1 3 2 1 3 1 1 1 2 2 
2 1 1 2 4 1 2 2 2 1 1 3 2 1 1 1 3 1 1 1 
2 1 1 1 2 2 2 1 1 2 1 1 1 1 3 2 1 1 1 3 
1 1 1 2 2 1 2 2 1 1 3 2 1 2 2 1 1 1 2 3 
1 1 1 1 2 1 3 0 2 1 3 2 1 1 3 2 3 2 2 1 
1 1 1 1 2 1 1 1 1 3 1 2 1 2 1 3 1 1 3 3 
1 1 2 1 1 1 1 2 1 3 2 1 3 2 1 3 2 1 3 1 
1 0 1 0 2 1 1 2 1 2 1 1 1 1 1 1 1 3 3 1 
1 0 2 3 1 1 1 1 3 3 3 2 2 2 2 2 1 3 1 1 
1 1 1 1 1 1 1 1 2 2 2 2 2 2 2 1 2 1 1 1 
1 0 1 1 1 1 1 1 1 2 2 2 2 2 2 1 2 1 2 3 
1 1 1 2 1 1 1 1 1 1 2 2 2 2 2 1 1 1 1 2 
1 3 1 1 1 1 1 1 1 1 1 2 2 2 2 1 2 1 2 1 
3 3 1 1 1 1 1 1 1 1 1 2 2 2 2 1 2 1 1 1 
3 1 1 1 1 2 1 1 2 2 1 1 2 2 1 2 1 2 1 1 
1 1 1 1 2 2 1 1 1 1 2 1 1 1 1 1 1 2 1 2 
1 1 1 1 1 2 2 1 2 2 2 2 1 2 1 2 2 1 1 1 
1 1 1 1 1 2 2 2 2 2 1 2 1 1 1 2 2 1 2 2 
1 1 1 1 1 1 1 1 1 1 1 1 1 2 1 2 1 1 2 1 


+2.49369073e+00 -2.18357518e-01 -5.14362812e-01   size-> 237
+1.70228565e+00 -2.00173661e-01 -1.00164682e-01   size-> 123
+1.89793074e+00 -1.56941742e-01 -2.61518627e-01   size->  33
-9.93634313e-02 +1.13446414e-02 -5.44323353e-04   size->   1
Calculation time: 4.41s

---------------------------------------
Maximum absolute error : 0.600000   

1 1 1 1 1 2 2 2 1 2 1 2 2 2 1 2 3 1 1 1 
1 1 1 1 2 1 0 1 1 1 1 3 2 1 3 1 1 1 2 2 
1 1 1 1 4 1 2 2 2 1 1 3 2 1 1 1 3 1 1 1 
2 1 1 1 2 2 2 1 1 2 1 1 1 1 3 2 1 1 1 3 
1 1 1 2 2 1 2 2 1 1 3 2 1 2 2 1 1 1 2 3 
1 1 1 1 2 1 4 0 2 1 3 2 1 1 3 2 3 2 2 1 
1 1 1 1 2 1 1 1 1 3 1 2 1 2 1 3 1 1 3 3 
1 1 2 1 1 1 1 2 1 3 2 1 3 2 1 3 2 1 3 1 
1 0 1 0 2 1 1 2 1 2 1 1 1 1 1 1 1 3 3 1 
1 0 2 3 1 1 1 1 2 2 2 2 2 2 2 2 1 2 1 1 
1 1 1 1 1 1 1 1 1 2 2 2 2 2 2 1 2 1 1 1 
1 0 1 1 1 1 1 1 1 1 2 2 2 2 2 1 2 1 2 2 
1 1 1 2 1 1 1 1 1 1 2 2 2 2 2 1 1 1 1 2 
1 3 1 1 1 1 1 1 1 1 1 2 2 2 2 1 2 1 2 1 
3 3 1 1 1 1 1 1 1 1 1 1 2 2 2 1 2 1 1 1 
1 1 1 1 1 2 1 1 2 2 1 1 2 2 1 2 1 2 1 1 
1 1 1 1 2 2 1 1 1 1 2 1 1 1 1 1 1 2 1 2 
1 1 1 1 1 2 2 1 2 2 2 2 1 2 1 2 2 1 1 1 
1 1 1 1 1 2 2 1 2 2 1 2 1 1 1 2 2 1 2 2 
1 1 1 1 1 1 1 1 1 1 1 1 1 2 1 2 1 1 2 1 


+2.49370575e+00 -2.18366370e-01 -5.14354825e-01   size-> 244
+1.74371457e+00 -2.03777224e-01 -1.04570426e-01   size-> 122
+1.78375185e+00 -1.48484021e-01 -2.54410774e-01   size->  26
+1.03182688e-01 -6.33522123e-03 -4.71747443e-02   size->   2
Calculation time: 4.37s

--------------------------------------
Maximum absolute error : 0.650000   

1 1 1 1 1 2 2 2 1 2 1 2 2 2 1 2 3 1 1 1 
1 1 1 1 2 1 0 1 1 1 1 3 2 1 3 1 1 1 2 2 
1 1 1 1 4 1 2 2 2 1 1 3 2 1 1 1 3 1 1 1 
2 1 1 1 2 2 2 1 1 2 1 1 1 1 3 2 1 1 1 3 
1 1 1 2 2 1 2 2 1 1 3 2 1 2 2 1 1 1 2 3 
1 1 1 1 2 1 4 0 2 1 3 2 1 1 3 2 3 2 2 1 
1 1 1 1 2 1 1 1 1 3 1 2 1 2 1 3 1 1 3 3 
1 1 2 1 1 1 1 2 1 2 2 1 2 2 1 2 2 1 3 1 
1 0 1 0 2 1 1 2 1 2 1 1 1 1 1 1 1 2 2 1 
1 0 2 4 1 1 1 1 2 2 2 2 2 2 2 2 1 2 1 1 
1 1 1 1 1 1 1 1 1 2 2 2 2 2 2 1 2 1 1 1 
1 0 1 1 1 1 1 1 1 1 2 2 2 2 2 1 2 1 2 2 
1 1 1 2 1 1 1 1 1 1 1 2 2 2 2 1 1 1 1 2 
1 3 1 1 1 1 1 1 1 1 1 1 2 2 2 1 2 1 2 1 
3 3 1 1 1 1 1 1 1 1 1 1 1 2 2 1 2 1 1 1 
1 1 1 1 1 2 1 1 2 2 1 1 2 2 1 2 1 2 1 1 
1 1 1 1 1 2 1 1 1 1 2 1 1 1 1 1 1 2 1 2 
1 1 1 1 1 2 2 1 1 2 1 2 1 2 1 2 2 1 1 1 
1 1 1 1 1 2 2 1 2 2 1 2 1 1 1 2 2 1 1 1 
1 1 1 1 1 1 1 1 1 1 1 1 1 2 1 1 1 1 1 1 


+2.49370265e+00 -2.18360528e-01 -5.14362335e-01   size-> 254
+1.70079994e+00 -2.00042695e-01 -1.00065015e-01   size-> 117
+1.67301095e+00 -1.40824586e-01 -2.46131420e-01   size->  20
+1.26895234e-01 -8.56272783e-03 -5.26837483e-02   size->   3
Calculation time: 4.24s

-------------------------------------
Maximum absolute error : 0.700000   

1 1 1 1 1 2 2 2 1 2 1 2 2 2 1 2 3 1 1 1 
1 1 1 1 2 1 0 1 1 1 1 3 2 1 3 1 1 1 2 2 
1 1 1 1 4 1 2 2 2 1 1 3 2 1 1 1 3 1 1 1 
1 1 1 1 2 2 2 1 1 2 1 1 1 1 3 2 1 1 1 3 
1 1 1 2 2 1 2 2 1 1 3 2 1 2 2 1 1 1 2 3 
1 1 1 1 2 1 4 0 2 1 3 2 1 1 3 2 3 2 2 1 
1 1 1 1 2 1 1 1 1 3 1 2 1 2 1 2 1 1 2 2 
1 1 2 1 1 1 1 2 1 2 2 1 2 2 1 2 2 1 2 1 
1 0 1 0 2 1 1 2 1 2 1 1 1 1 1 1 1 2 2 1 
1 0 1 4 1 1 1 1 1 2 2 2 2 2 2 2 1 2 1 1 
1 1 1 1 1 1 1 1 1 1 2 2 2 2 2 1 2 1 1 1 
1 0 1 1 1 1 1 1 1 1 1 2 2 2 2 1 2 1 2 2 
1 1 1 2 1 1 1 1 1 1 1 1 2 2 2 1 1 1 1 2 
1 3 1 1 1 1 1 1 1 1 1 1 1 2 2 1 2 1 2 1 
3 3 1 1 1 1 1 1 1 1 1 1 1 1 2 1 2 1 1 1 
1 1 1 1 1 2 1 1 2 1 1 1 2 2 1 1 1 2 1 1 
1 1 1 1 1 2 1 1 1 1 2 1 1 1 1 1 1 1 1 2 
1 1 1 1 1 2 2 1 1 2 1 2 1 2 1 2 1 1 1 1 
1 1 1 1 1 1 2 1 2 2 1 2 1 1 1 2 2 1 1 1 
1 1 1 1 1 1 1 1 1 1 1 1 1 2 1 1 1 1 1 1 


+2.49370098e+00 -2.18360662e-01 -5.14374554e-01   size-> 267
+1.72596610e+00 -2.01171517e-01 -1.02767974e-01   size-> 108
+1.49030769e+00 -1.28615126e-01 -2.34071359e-01   size->  16
+1.29583627e-01 -8.82471632e-03 -5.32493666e-02   size->   3
Calculation time: 4.12s
