16.8732 3
16.8732 2.90165
16.8732 2.80652
16.8732 2.71451
16.8732 2.62552
16.8732 2.53945
16.8732 2.45619
16.8732 2.37567
16.8732 2.29779
16.8732 2.22245
16.8732 2.14959
16.8732 2.07912
16.8732 2.01096
16.8732 1.94503
16.8732 1.88127
16.8732 1.81959
16.8732 1.75994
16.8732 1.70224
16.8732 1.64644
16.8732 1.59246
16.8732 1.54025
16.8732 1.48976
16.8732 1.44092
16.8732 1.39368
16.8732 1.34799
16.8732 1.30379
16.8732 1.26105
16.8732 1.21971
16.8732 1.17972
16.8732 1.14105
16.8732 1.10364
16.8732 1.06746
16.8732 1.03246
16.8732 0.998613
16.8732 0.965875
16.8732 0.93421
16.8732 0.903583
16.8732 0.87396
16.8732 0.845308
16.8732 0.817595
16.8732 0.790791
16.8732 0.764866
16.8732 0.739791
16.8732 0.715538
16.8732 0.69208
16.8732 0.66939
16.8732 0.647445
16.8732 0.62622
16.8732 0.60569
16.8732 0.585833
16.8732 0.566627
16.8732 0.548051
16.8732 0.530083
16.8732 0.512705
16.8732 0.495897
16.8732 0.479639
16.8732 0.463915
16.8732 0.448706
16.8732 0.433996
16.8732 0.419767
16.8732 0.406006
16.8732 0.392695
16.8732 0.379821
16.8732 0.367369
16.8732 0.355325
16.8732 0.343677
16.8732 0.332409
16.8732 0.321512
16.8732 0.310971
16.8732 0.300777
16.8732 0.290916
16.8732 0.281379
16.8732 0.272154
16.8732 0.263232
16.8732 0.254602
16.8732 0.246255
16.8732 0.238182
16.8732 0.230373
16.8732 0.222821
16.8732 0.215516
16.8732 0.20845
16.8732 0.201617
16.8732 0.195007
16.8732 0.188614
16.8732 0.18243
16.8732 0.176449
16.8732 0.170665
16.8732 0.16507
16.8732 0.159658
16.8732 0.154424
16.8732 0.149361
16.8732 0.144465
16.8732 0.139728
16.8732 0.135148
16.8732 0.130717
16.8732 0.126432
16.8732 0.122287
16.8732 0.118278
16.8732 0.1144
16.8732 0.110649
16.8732 0.107022
16.8732 0.103513
16.8732 0.10012
16.8732 0.0968375
16.8732 0.0936628
16.8732 0.0905922
16.8732 0.0876222
16.8732 0.0847496
16.8732 0.0819712
16.8732 0.0792838
16.8732 0.0766846
16.8732 0.0741706
16.8732 0.071739
16.8732 0.0693871
16.8732 0.0671123
16.8732 0.0649121
16.8732 0.062784
16.8732 0.0607257
16.8732 0.0587349
16.8732 0.0568093
16.8732 0.0549469
16.8732 0.0531455
16.8732 0.0514032
16.8732 0.049718
16.8732 0.0480881
16.8732 0.0465116
16.8732 0.0449867
16.8732 0.0435119
16.8732 0.0420854
16.8732 0.0407057
16.8732 0.0393712
16.8732 0.0380804
16.8732 0.036832
16.8732 0.0356245
16.8732 0.0344566
16.8732 0.033327
16.8732 0.0322344
16.8732 0.0311776
16.8732 0.0301555
16.8732 0.0291669
16.8732 0.0282107
16.8732 0.0272858
16.8732 0.0263913
16.8732 0.0255261
16.8732 0.0246892
16.8732 0.0238798
16.8732 0.023097
16.8732 0.0223397
16.8732 0.0216074
16.8732 0.020899
16.1539 3
16.1539 2.90165
16.1539 2.80652
16.1539 2.71451
16.1539 2.62552
16.1539 2.53945
16.1539 2.45619
16.1539 2.37567
16.1539 2.29779
16.1539 2.22245
16.1539 2.14959
16.1539 2.07912
16.1539 2.01096
16.1539 1.94503
16.1539 1.88127
16.1539 1.81959
16.1539 1.75994
16.1539 1.70224
16.1539 1.64644
16.1539 1.59246
16.1539 1.54025
16.1539 1.48976
16.1539 1.44092
16.1539 1.39368
16.1539 1.34799
16.1539 1.30379
16.1539 1.26105
16.1539 1.21971
16.1539 1.17972
16.1539 1.14105
16.1539 1.10364
16.1539 1.06746
16.1539 1.03246
16.1539 0.998613
16.1539 0.965875
16.1539 0.93421
16.1539 0.903583
16.1539 0.87396
16.1539 0.845308
16.1539 0.817595
16.1539 0.790791
16.1539 0.764866
16.1539 0.739791
16.1539 0.715538
16.1539 0.69208
16.1539 0.66939
16.1539 0.647445
16.1539 0.62622
16.1539 0.60569
16.1539 0.585833
16.1539 0.566627
16.1539 0.548051
16.1539 0.530083
16.1539 0.512705
16.1539 0.495897
16.1539 0.479639
16.1539 0.463915
16.1539 0.448706
16.1539 0.433996
16.1539 0.419767
16.1539 0.406006
16.1539 0.392695
16.1539 0.379821
16.1539 0.367369
16.1539 0.355325
16.1539 0.343677
16.1539 0.332409
16.1539 0.321512
16.1539 0.310971
16.1539 0.300777
16.1539 0.290916
16.1539 0.281379
16.1539 0.272154
16.1539 0.263232
16.1539 0.254602
16.1539 0.246255
16.1539 0.238182
16.1539 0.230373
16.1539 0.222821
16.1539 0.215516
16.1539 0.20845
16.1539 0.201617
16.1539 0.195007
16.1539 0.188614
16.1539 0.18243
16.1539 0.176449
16.1539 0.170665
16.1539 0.16507
16.1539 0.159658
16.1539 0.154424
16.1539 0.149361
16.1539 0.144465
16.1539 0.139728
16.1539 0.135148
16.1539 0.130717
16.1539 0.126432
16.1539 0.122287
16.1539 0.118278
16.1539 0.1144
16.1539 0.110649
16.1539 0.107022
16.1539 0.103513
16.1539 0.10012
16.1539 0.0968375
16.1539 0.0936628
16.1539 0.0905922
16.1539 0.0876222
16.1539 0.0847496
16.1539 0.0819712
16.1539 0.0792838
16.1539 0.0766846
16.1539 0.0741706
16.1539 0.071739
16.1539 0.0693871
16.1539 0.0671123
16.1539 0.0649121
16.1539 0.062784
16.1539 0.0607257
16.1539 0.0587349
16.1539 0.0568093
16.1539 0.0549469
16.1539 0.0531455
16.1539 0.0514032
16.1539 0.049718
16.1539 0.0480881
16.1539 0.0465116
16.1539 0.0449867
16.1539 0.0435119
16.1539 0.0420854
16.1539 0.0407057
16.1539 0.0393712
16.1539 0.0380804
16.1539 0.036832
16.1539 0.0356245
16.1539 0.0344566
16.1539 0.033327
16.1539 0.0322344
16.1539 0.0311776
16.1539 0.0301555
16.1539 0.0291669
16.1539 0.0282107
16.1539 0.0272858
16.1539 0.0263913
16.1539 0.0255261
16.1539 0.0246892
16.1539 0.0238798
16.1539 0.023097
16.1539 0.0223397
16.1539 0.0216074
16.1539 0.020899
23.9586 3
23.9586 2.90165
23.9586 2.80652
23.9586 2.71451
23.9586 2.62552
23.9586 2.53945
23.9586 2.45619
23.9586 2.37567
23.9586 2.29779
23.9586 2.22245
23.9586 2.14959
23.9586 2.07912
23.9586 2.01096
23.9586 1.94503
23.9586 1.88127
23.9586 1.81959
23.9586 1.75994
23.9586 1.70224
23.9586 1.64644
23.9586 1.59246
23.9586 1.54025
23.9586 1.48976
23.9586 1.44092
23.9586 1.39368
23.9586 1.34799
23.9586 1.30379
23.9586 1.26105
23.9586 1.21971
23.9586 1.17972
23.9586 1.14105
23.9586 1.10364
23.9586 1.06746
23.9586 1.03246
23.9586 0.998613
23.9586 0.965875
23.9586 0.93421
23.9586 0.903583
23.9586 0.87396
23.9586 0.845308
23.9586 0.817595
23.9586 0.790791
23.9586 0.764866
23.9586 0.739791
23.9586 0.715538
23.9586 0.69208
23.9586 0.66939
23.9586 0.647445
23.9586 0.62622
23.9586 0.60569
23.9586 0.585833
23.9586 0.566627
23.9586 0.548051
23.9586 0.530083
23.9586 0.512705
23.9586 0.495897
23.9586 0.479639
23.9586 0.463915
23.9586 0.448706
23.9586 0.433996
23.9586 0.419767
23.9586 0.406006
23.9586 0.392695
23.9586 0.379821
23.9586 0.367369
23.9586 0.355325
23.9586 0.343677
23.9586 0.332409
23.9586 0.321512
23.9586 0.310971
23.9586 0.300777
23.9586 0.290916
23.9586 0.281379
23.9586 0.272154
23.9586 0.263232
23.9586 0.254602
23.9586 0.246255
23.9586 0.238182
23.9586 0.230373
23.9586 0.222821
23.9586 0.215516
23.9586 0.20845
23.9586 0.201617
23.9586 0.195007
23.9586 0.188614
23.9586 0.18243
23.9586 0.176449
23.9586 0.170665
23.9586 0.16507
23.9586 0.159658
23.9586 0.154424
23.9586 0.149361
23.9586 0.144465
23.9586 0.139728
23.9586 0.135148
23.9586 0.130717
23.9586 0.126432
23.9586 0.122287
23.9586 0.118278
23.9586 0.1144
23.9586 0.110649
23.9586 0.107022
23.9586 0.103513
23.9586 0.10012
23.9586 0.0968375
23.9586 0.0936628
23.9586 0.0905922
23.9586 0.0876222
23.9586 0.0847496
23.9586 0.0819712
23.9586 0.0792838
23.9586 0.0766846
23.9586 0.0741706
23.9586 0.071739
23.9586 0.0693871
23.9586 0.0671123
23.9586 0.0649121
23.9586 0.062784
23.9586 0.0607257
23.9586 0.0587349
23.9586 0.0568093
23.9586 0.0549469
23.9586 0.0531455
23.9586 0.0514032
23.9586 0.049718
23.9586 0.0480881
23.9586 0.0465116
23.9586 0.0449867
23.9586 0.0435119
23.9586 0.0420854
23.9586 0.0407057
23.9586 0.0393712
23.9586 0.0380804
23.9586 0.036832
23.9586 0.0356245
23.9586 0.0344566
23.9586 0.033327
23.9586 0.0322344
23.9586 0.0311776
23.9586 0.0301555
23.9586 0.0291669
23.9586 0.0282107
23.9586 0.0272858
23.9586 0.0263913
23.9586 0.0255261
23.9586 0.0246892
23.9586 0.0238798
23.9586 0.023097
23.9586 0.0223397
23.9586 0.0216074
23.9586 0.020899
31.2194 3
31.2194 2.90165
31.2194 2.80652
31.2194 2.71451
31.2194 2.62552
31.2194 2.53945
31.2194 2.45619
31.2194 2.37567
31.2194 2.29779
31.2194 2.22245
31.2194 2.14959
31.2194 2.07912
31.2194 2.01096
31.2194 1.94503
31.2194 1.88127
31.2194 1.81959
31.2194 1.75994
31.2194 1.70224
31.2194 1.64644
31.2194 1.59246
31.2194 1.54025
31.2194 1.48976
31.2194 1.44092
31.2194 1.39368
31.2194 1.34799
31.2194 1.30379
31.2194 1.26105
31.2194 1.21971
31.2194 1.17972
31.2194 1.14105
31.2194 1.10364
31.2194 1.06746
31.2194 1.03246
31.2194 0.998613
31.2194 0.965875
31.2194 0.93421
31.2194 0.903583
31.2194 0.87396
31.2194 0.845308
31.2194 0.817595
31.2194 0.790791
31.2194 0.764866
31.2194 0.739791
31.2194 0.715538
31.2194 0.69208
31.2194 0.66939
31.2194 0.647445
31.2194 0.62622
31.2194 0.60569
31.2194 0.585833
31.2194 0.566627
31.2194 0.548051
31.2194 0.530083
31.2194 0.512705
31.2194 0.495897
31.2194 0.479639
31.2194 0.463915
31.2194 0.448706
31.2194 0.433996
31.2194 0.419767
31.2194 0.406006
31.2194 0.392695
31.2194 0.379821
31.2194 0.367369
31.2194 0.355325
31.2194 0.343677
31.2194 0.332409
31.2194 0.321512
31.2194 0.310971
31.2194 0.300777
31.2194 0.290916
31.2194 0.281379
31.2194 0.272154
31.2194 0.263232
31.2194 0.254602
31.2194 0.246255
31.2194 0.238182
31.2194 0.230373
31.2194 0.222821
31.2194 0.215516
31.2194 0.20845
31.2194 0.201617
31.2194 0.195007
31.2194 0.188614
31.2194 0.18243
31.2194 0.176449
31.2194 0.170665
31.2194 0.16507
31.2194 0.159658
31.2194 0.154424
31.2194 0.149361
31.2194 0.144465
31.2194 0.139728
31.2194 0.135148
31.2194 0.130717
31.2194 0.126432
31.2194 0.122287
31.2194 0.118278
31.2194 0.1144
31.2194 0.110649
31.2194 0.107022
31.2194 0.103513
31.2194 0.10012
31.2194 0.0968375
31.2194 0.0936628
31.2194 0.0905922
31.2194 0.0876222
31.2194 0.0847496
31.2194 0.0819712
31.2194 0.0792838
31.2194 0.0766846
31.2194 0.0741706
31.2194 0.071739
31.2194 0.0693871
31.2194 0.0671123
31.2194 0.0649121
31.2194 0.062784
31.2194 0.0607257
31.2194 0.0587349
31.2194 0.0568093
31.2194 0.0549469
31.2194 0.0531455
31.2194 0.0514032
31.2194 0.049718
31.2194 0.0480881
31.2194 0.0465116
31.2194 0.0449867
31.2194 0.0435119
31.2194 0.0420854
31.2194 0.0407057
31.2194 0.0393712
31.2194 0.0380804
31.2194 0.036832
31.2194 0.0356245
31.2194 0.0344566
31.2194 0.033327
31.2194 0.0322344
31.2194 0.0311776
31.2194 0.0301555
31.2194 0.0291669
31.2194 0.0282107
31.2194 0.0272858
31.2194 0.0263913
31.2194 0.0255261
31.2194 0.0246892
31.2194 0.0238798
31.2194 0.023097
31.2194 0.0223397
31.2194 0.0216074
31.2194 0.020899
38.3966 3
38.3966 2.90165
38.3966 2.80652
38.3966 2.71451
38.3966 2.62552
38.3966 2.53945
38.3966 2.45619
38.3966 2.37567
38.3966 2.29779
38.3966 2.22245
38.3966 2.14959
38.3966 2.07912
38.3966 2.01096
38.3966 1.94503
38.3966 1.88127
38.3966 1.81959
38.3966 1.75994
38.3966 1.70224
38.3966 1.64644
38.3966 1.59246
38.3966 1.54025
38.3966 1.48976
38.3966 1.44092
38.3966 1.39368
38.3966 1.34799
38.3966 1.30379
38.3966 1.26105
38.3966 1.21971
38.3966 1.17972
38.3966 1.14105
38.3966 1.10364
38.3966 1.06746
38.3966 1.03246
38.3966 0.998613
38.3966 0.965875
38.3966 0.93421
38.3966 0.903583
38.3966 0.87396
38.3966 0.845308
38.3966 0.817595
38.3966 0.790791
38.3966 0.764866
38.3966 0.739791
38.3966 0.715538
38.3966 0.69208
38.3966 0.66939
38.3966 0.647445
38.3966 0.62622
38.3966 0.60569
38.3966 0.585833
38.3966 0.566627
38.3966 0.548051
38.3966 0.530083
38.3966 0.512705
38.3966 0.495897
38.3966 0.479639
38.3966 0.463915
38.3966 0.448706
38.3966 0.433996
38.3966 0.419767
38.3966 0.406006
38.3966 0.392695
38.3966 0.379821
38.3966 0.367369
38.3966 0.355325
38.3966 0.343677
38.3966 0.332409
38.3966 0.321512
38.3966 0.310971
38.3966 0.300777
38.3966 0.290916
38.3966 0.281379
38.3966 0.272154
38.3966 0.263232
38.3966 0.254602
38.3966 0.246255
38.3966 0.238182
38.3966 0.230373
38.3966 0.222821
38.3966 0.215516
38.3966 0.20845
38.3966 0.201617
38.3966 0.195007
38.3966 0.188614
38.3966 0.18243
38.3966 0.176449
38.3966 0.170665
38.3966 0.16507
38.3966 0.159658
38.3966 0.154424
38.3966 0.149361
38.3966 0.144465
38.3966 0.139728
38.3966 0.135148
38.3966 0.130717
38.3966 0.126432
38.3966 0.122287
38.3966 0.118278
38.3966 0.1144
38.3966 0.110649
38.3966 0.107022
38.3966 0.103513
38.3966 0.10012
38.3966 0.0968375
38.3966 0.0936628
38.3966 0.0905922
38.3966 0.0876222
38.3966 0.0847496
38.3966 0.0819712
38.3966 0.0792838
38.3966 0.0766846
38.3966 0.0741706
38.3966 0.071739
38.3966 0.0693871
38.3966 0.0671123
38.3966 0.0649121
38.3966 0.062784
38.3966 0.0607257
38.3966 0.0587349
38.3966 0.0568093
38.3966 0.0549469
38.3966 0.0531455
38.3966 0.0514032
38.3966 0.049718
38.3966 0.0480881
38.3966 0.0465116
38.3966 0.0449867
38.3966 0.0435119
38.3966 0.0420854
38.3966 0.0407057
38.3966 0.0393712
38.3966 0.0380804
38.3966 0.036832
38.3966 0.0356245
38.3966 0.0344566
38.3966 0.033327
38.3966 0.0322344
38.3966 0.0311776
38.3966 0.0301555
38.3966 0.0291669
38.3966 0.0282107
38.3966 0.0272858
38.3966 0.0263913
38.3966 0.0255261
38.3966 0.0246892
38.3966 0.0238798
38.3966 0.023097
38.3966 0.0223397
38.3966 0.0216074
38.3966 0.020899
18.1745 3
18.1745 2.90165
18.1745 2.80652
18.1745 2.71451
18.1745 2.62552
18.1745 2.53945
18.1745 2.45619
18.1745 2.37567
18.1745 2.29779
18.1745 2.22245
18.1745 2.14959
18.1745 2.07912
18.1745 2.01096
18.1745 1.94503
18.1745 1.88127
18.1745 1.81959
18.1745 1.75994
18.1745 1.70224
18.1745 1.64644
18.1745 1.59246
18.1745 1.54025
18.1745 1.48976
18.1745 1.44092
18.1745 1.39368
18.1745 1.34799
18.1745 1.30379
18.1745 1.26105
18.1745 1.21971
18.1745 1.17972
18.1745 1.14105
18.1745 1.10364
18.1745 1.06746
18.1745 1.03246
18.1745 0.998613
18.1745 0.965875
18.1745 0.93421
18.1745 0.903583
18.1745 0.87396
18.1745 0.845308
18.1745 0.817595
18.1745 0.790791
18.1745 0.764866
18.1745 0.739791
18.1745 0.715538
18.1745 0.69208
18.1745 0.66939
18.1745 0.647445
18.1745 0.62622
18.1745 0.60569
18.1745 0.585833
18.1745 0.566627
18.1745 0.548051
18.1745 0.530083
18.1745 0.512705
18.1745 0.495897
18.1745 0.479639
18.1745 0.463915
18.1745 0.448706
18.1745 0.433996
18.1745 0.419767
18.1745 0.406006
18.1745 0.392695
18.1745 0.379821
18.1745 0.367369
18.1745 0.355325
18.1745 0.343677
18.1745 0.332409
18.1745 0.321512
18.1745 0.310971
18.1745 0.300777
18.1745 0.290916
18.1745 0.281379
18.1745 0.272154
18.1745 0.263232
18.1745 0.254602
18.1745 0.246255
18.1745 0.238182
18.1745 0.230373
18.1745 0.222821
18.1745 0.215516
18.1745 0.20845
18.1745 0.201617
18.1745 0.195007
18.1745 0.188614
18.1745 0.18243
18.1745 0.176449
18.1745 0.170665
18.1745 0.16507
18.1745 0.159658
18.1745 0.154424
18.1745 0.149361
18.1745 0.144465
18.1745 0.139728
18.1745 0.135148
18.1745 0.130717
18.1745 0.126432
18.1745 0.122287
18.1745 0.118278
18.1745 0.1144
18.1745 0.110649
18.1745 0.107022
18.1745 0.103513
18.1745 0.10012
18.1745 0.0968375
18.1745 0.0936628
18.1745 0.0905922
18.1745 0.0876222
18.1745 0.0847496
18.1745 0.0819712
18.1745 0.0792838
18.1745 0.0766846
18.1745 0.0741706
18.1745 0.071739
18.1745 0.0693871
18.1745 0.0671123
18.1745 0.0649121
18.1745 0.062784
18.1745 0.0607257
18.1745 0.0587349
18.1745 0.0568093
18.1745 0.0549469
18.1745 0.0531455
18.1745 0.0514032
18.1745 0.049718
18.1745 0.0480881
18.1745 0.0465116
18.1745 0.0449867
18.1745 0.0435119
18.1745 0.0420854
18.1745 0.0407057
18.1745 0.0393712
18.1745 0.0380804
18.1745 0.036832
18.1745 0.0356245
18.1745 0.0344566
18.1745 0.033327
18.1745 0.0322344
18.1745 0.0311776
18.1745 0.0301555
18.1745 0.0291669
18.1745 0.0282107
18.1745 0.0272858
18.1745 0.0263913
18.1745 0.0255261
18.1745 0.0246892
18.1745 0.0238798
18.1745 0.023097
18.1745 0.0223397
18.1745 0.0216074
18.1745 0.020899
17.1888 3
17.1888 2.90165
17.1888 2.80652
17.1888 2.71451
17.1888 2.62552
17.1888 2.53945
17.1888 2.45619
17.1888 2.37567
17.1888 2.29779
17.1888 2.22245
17.1888 2.14959
17.1888 2.07912
17.1888 2.01096
17.1888 1.94503
17.1888 1.88127
17.1888 1.81959
17.1888 1.75994
17.1888 1.70224
17.1888 1.64644
17.1888 1.59246
17.1888 1.54025
17.1888 1.48976
17.1888 1.44092
17.1888 1.39368
17.1888 1.34799
17.1888 1.30379
17.1888 1.26105
17.1888 1.21971
17.1888 1.17972
17.1888 1.14105
17.1888 1.10364
17.1888 1.06746
17.1888 1.03246
17.1888 0.998613
17.1888 0.965875
17.1888 0.93421
17.1888 0.903583
17.1888 0.87396
17.1888 0.845308
17.1888 0.817595
17.1888 0.790791
17.1888 0.764866
17.1888 0.739791
17.1888 0.715538
17.1888 0.69208
17.1888 0.66939
17.1888 0.647445
17.1888 0.62622
17.1888 0.60569
17.1888 0.585833
17.1888 0.566627
17.1888 0.548051
17.1888 0.530083
17.1888 0.512705
17.1888 0.495897
17.1888 0.479639
17.1888 0.463915
17.1888 0.448706
17.1888 0.433996
17.1888 0.419767
17.1888 0.406006
17.1888 0.392695
17.1888 0.379821
17.1888 0.367369
17.1888 0.355325
17.1888 0.343677
17.1888 0.332409
17.1888 0.321512
17.1888 0.310971
17.1888 0.300777
17.1888 0.290916
17.1888 0.281379
17.1888 0.272154
17.1888 0.263232
17.1888 0.254602
17.1888 0.246255
17.1888 0.238182
17.1888 0.230373
17.1888 0.222821
17.1888 0.215516
17.1888 0.20845
17.1888 0.201617
17.1888 0.195007
17.1888 0.188614
17.1888 0.18243
17.1888 0.176449
17.1888 0.170665
17.1888 0.16507
17.1888 0.159658
17.1888 0.154424
17.1888 0.149361
17.1888 0.144465
17.1888 0.139728
17.1888 0.135148
17.1888 0.130717
17.1888 0.126432
17.1888 0.122287
17.1888 0.118278
17.1888 0.1144
17.1888 0.110649
17.1888 0.107022
17.1888 0.103513
17.1888 0.10012
17.1888 0.0968375
17.1888 0.0936628
17.1888 0.0905922
17.1888 0.0876222
17.1888 0.0847496
17.1888 0.0819712
17.1888 0.0792838
17.1888 0.0766846
17.1888 0.0741706
17.1888 0.071739
17.1888 0.0693871
17.1888 0.0671123
17.1888 0.0649121
17.1888 0.062784
17.1888 0.0607257
17.1888 0.0587349
17.1888 0.0568093
17.1888 0.0549469
17.1888 0.0531455
17.1888 0.0514032
17.1888 0.049718
17.1888 0.0480881
17.1888 0.0465116
17.1888 0.0449867
17.1888 0.0435119
17.1888 0.0420854
17.1888 0.0407057
17.1888 0.0393712
17.1888 0.0380804
17.1888 0.036832
17.1888 0.0356245
17.1888 0.0344566
17.1888 0.033327
17.1888 0.0322344
17.1888 0.0311776
17.1888 0.0301555
17.1888 0.0291669
17.1888 0.0282107
17.1888 0.0272858
17.1888 0.0263913
17.1888 0.0255261
17.1888 0.0246892
17.1888 0.0238798
17.1888 0.023097
17.1888 0.0223397
17.1888 0.0216074
17.1888 0.020899
19.7633 3
19.7633 2.90165
19.7633 2.80652
19.7633 2.71451
19.7633 2.62552
19.7633 2.53945
19.7633 2.45619
19.7633 2.37567
19.7633 2.29779
19.7633 2.22245
19.7633 2.14959
19.7633 2.07912
19.7633 2.01096
19.7633 1.94503
19.7633 1.88127
19.7633 1.81959
19.7633 1.75994
19.7633 1.70224
19.7633 1.64644
19.7633 1.59246
19.7633 1.54025
19.7633 1.48976
19.7633 1.44092
19.7633 1.39368
19.7633 1.34799
19.7633 1.30379
19.7633 1.26105
19.7633 1.21971
19.7633 1.17972
19.7633 1.14105
19.7633 1.10364
19.7633 1.06746
19.7633 1.03246
19.7633 0.998613
19.7633 0.965875
19.7633 0.93421
19.7633 0.903583
19.7633 0.87396
19.7633 0.845308
19.7633 0.817595
19.7633 0.790791
19.7633 0.764866
19.7633 0.739791
19.7633 0.715538
19.7633 0.69208
19.7633 0.66939
19.7633 0.647445
19.7633 0.62622
19.7633 0.60569
19.7633 0.585833
19.7633 0.566627
19.7633 0.548051
19.7633 0.530083
19.7633 0.512705
19.7633 0.495897
19.7633 0.479639
19.7633 0.463915
19.7633 0.448706
19.7633 0.433996
19.7633 0.419767
19.7633 0.406006
19.7633 0.392695
19.7633 0.379821
19.7633 0.367369
19.7633 0.355325
19.7633 0.343677
19.7633 0.332409
19.7633 0.321512
19.7633 0.310971
19.7633 0.300777
19.7633 0.290916
19.7633 0.281379
19.7633 0.272154
19.7633 0.263232
19.7633 0.254602
19.7633 0.246255
19.7633 0.238182
19.7633 0.230373
19.7633 0.222821
19.7633 0.215516
19.7633 0.20845
19.7633 0.201617
19.7633 0.195007
19.7633 0.188614
19.7633 0.18243
19.7633 0.176449
19.7633 0.170665
19.7633 0.16507
19.7633 0.159658
19.7633 0.154424
19.7633 0.149361
19.7633 0.144465
19.7633 0.139728
19.7633 0.135148
19.7633 0.130717
19.7633 0.126432
19.7633 0.122287
19.7633 0.118278
19.7633 0.1144
19.7633 0.110649
19.7633 0.107022
19.7633 0.103513
19.7633 0.10012
19.7633 0.0968375
19.7633 0.0936628
19.7633 0.0905922
19.7633 0.0876222
19.7633 0.0847496
19.7633 0.0819712
19.7633 0.0792838
19.7633 0.0766846
19.7633 0.0741706
19.7633 0.071739
19.7633 0.0693871
19.7633 0.0671123
19.7633 0.0649121
19.7633 0.062784
19.7633 0.0607257
19.7633 0.0587349
19.7633 0.0568093
19.7633 0.0549469
19.7633 0.0531455
19.7633 0.0514032
19.7633 0.049718
19.7633 0.0480881
19.7633 0.0465116
19.7633 0.0449867
19.7633 0.0435119
19.7633 0.0420854
19.7633 0.0407057
19.7633 0.0393712
19.7633 0.0380804
19.7633 0.036832
19.7633 0.0356245
19.7633 0.0344566
19.7633 0.033327
19.7633 0.0322344
19.7633 0.0311776
19.7633 0.0301555
19.7633 0.0291669
19.7633 0.0282107
19.7633 0.0272858
19.7633 0.0263913
19.7633 0.0255261
19.7633 0.0246892
19.7633 0.0238798
19.7633 0.023097
19.7633 0.0223397
19.7633 0.0216074
19.7633 0.020899
20.1935 3
20.1935 2.90165
20.1935 2.80652
20.1935 2.71451
20.1935 2.62552
20.1935 2.53945
20.1935 2.45619
20.1935 2.37567
20.1935 2.29779
20.1935 2.22245
20.1935 2.14959
20.1935 2.07912
20.1935 2.01096
20.1935 1.94503
20.1935 1.88127
20.1935 1.81959
20.1935 1.75994
20.1935 1.70224
20.1935 1.64644
20.1935 1.59246
20.1935 1.54025
20.1935 1.48976
20.1935 1.44092
20.1935 1.39368
20.1935 1.34799
20.1935 1.30379
20.1935 1.26105
20.1935 1.21971
20.1935 1.17972
20.1935 1.14105
20.1935 1.10364
20.1935 1.06746
20.1935 1.03246
20.1935 0.998613
20.1935 0.965875
20.1935 0.93421
20.1935 0.903583
20.1935 0.87396
20.1935 0.845308
20.1935 0.817595
20.1935 0.790791
20.1935 0.764866
20.1935 0.739791
20.1935 0.715538
20.1935 0.69208
20.1935 0.66939
20.1935 0.647445
20.1935 0.62622
20.1935 0.60569
20.1935 0.585833
20.1935 0.566627
20.1935 0.548051
20.1935 0.530083
20.1935 0.512705
20.1935 0.495897
20.1935 0.479639
20.1935 0.463915
20.1935 0.448706
20.1935 0.433996
20.1935 0.419767
20.1935 0.406006
20.1935 0.392695
20.1935 0.379821
20.1935 0.367369
20.1935 0.355325
20.1935 0.343677
20.1935 0.332409
20.1935 0.321512
20.1935 0.310971
20.1935 0.300777
20.1935 0.290916
20.1935 0.281379
20.1935 0.272154
20.1935 0.263232
20.1935 0.254602
20.1935 0.246255
20.1935 0.238182
20.1935 0.230373
20.1935 0.222821
20.1935 0.215516
20.1935 0.20845
20.1935 0.201617
20.1935 0.195007
20.1935 0.188614
20.1935 0.18243
20.1935 0.176449
20.1935 0.170665
20.1935 0.16507
20.1935 0.159658
20.1935 0.154424
20.1935 0.149361
20.1935 0.144465
20.1935 0.139728
20.1935 0.135148
20.1935 0.130717
20.1935 0.126432
20.1935 0.122287
20.1935 0.118278
20.1935 0.1144
20.1935 0.110649
20.1935 0.107022
20.1935 0.103513
20.1935 0.10012
20.1935 0.0968375
20.1935 0.0936628
20.1935 0.0905922
20.1935 0.0876222
20.1935 0.0847496
20.1935 0.0819712
20.1935 0.0792838
20.1935 0.0766846
20.1935 0.0741706
20.1935 0.071739
20.1935 0.0693871
20.1935 0.0671123
20.1935 0.0649121
20.1935 0.062784
20.1935 0.0607257
20.1935 0.0587349
20.1935 0.0568093
20.1935 0.0549469
20.1935 0.0531455
20.1935 0.0514032
20.1935 0.049718
20.1935 0.0480881
20.1935 0.0465116
20.1935 0.0449867
20.1935 0.0435119
20.1935 0.0420854
20.1935 0.0407057
20.1935 0.0393712
20.1935 0.0380804
20.1935 0.036832
20.1935 0.0356245
20.1935 0.0344566
20.1935 0.033327
20.1935 0.0322344
20.1935 0.0311776
20.1935 0.0301555
20.1935 0.0291669
20.1935 0.0282107
20.1935 0.0272858
20.1935 0.0263913
20.1935 0.0255261
20.1935 0.0246892
20.1935 0.0238798
20.1935 0.023097
20.1935 0.0223397
20.1935 0.0216074
20.1935 0.020899
16.1402 3
16.1402 2.90165
16.1402 2.80652
16.1402 2.71451
16.1402 2.62552
16.1402 2.53945
16.1402 2.45619
16.1402 2.37567
16.1402 2.29779
16.1402 2.22245
16.1402 2.14959
16.1402 2.07912
16.1402 2.01096
16.1402 1.94503
16.1402 1.88127
16.1402 1.81959
16.1402 1.75994
16.1402 1.70224
16.1402 1.64644
16.1402 1.59246
16.1402 1.54025
16.1402 1.48976
16.1402 1.44092
16.1402 1.39368
16.1402 1.34799
16.1402 1.30379
16.1402 1.26105
16.1402 1.21971
16.1402 1.17972
16.1402 1.14105
16.1402 1.10364
16.1402 1.06746
16.1402 1.03246
16.1402 0.998613
16.1402 0.965875
16.1402 0.93421
16.1402 0.903583
16.1402 0.87396
16.1402 0.845308
16.1402 0.817595
16.1402 0.790791
16.1402 0.764866
16.1402 0.739791
16.1402 0.715538
16.1402 0.69208
16.1402 0.66939
16.1402 0.647445
16.1402 0.62622
16.1402 0.60569
16.1402 0.585833
16.1402 0.566627
16.1402 0.548051
16.1402 0.530083
16.1402 0.512705
16.1402 0.495897
16.1402 0.479639
16.1402 0.463915
16.1402 0.448706
16.1402 0.433996
16.1402 0.419767
16.1402 0.406006
16.1402 0.392695
16.1402 0.379821
16.1402 0.367369
16.1402 0.355325
16.1402 0.343677
16.1402 0.332409
16.1402 0.321512
16.1402 0.310971
16.1402 0.300777
16.1402 0.290916
16.1402 0.281379
16.1402 0.272154
16.1402 0.263232
16.1402 0.254602
16.1402 0.246255
16.1402 0.238182
16.1402 0.230373
16.1402 0.222821
16.1402 0.215516
16.1402 0.20845
16.1402 0.201617
16.1402 0.195007
16.1402 0.188614
16.1402 0.18243
16.1402 0.176449
16.1402 0.170665
16.1402 0.16507
16.1402 0.159658
16.1402 0.154424
16.1402 0.149361
16.1402 0.144465
16.1402 0.139728
16.1402 0.135148
16.1402 0.130717
16.1402 0.126432
16.1402 0.122287
16.1402 0.118278
16.1402 0.1144
16.1402 0.110649
16.1402 0.107022
16.1402 0.103513
16.1402 0.10012
16.1402 0.0968375
16.1402 0.0936628
16.1402 0.0905922
16.1402 0.0876222
16.1402 0.0847496
16.1402 0.0819712
16.1402 0.0792838
16.1402 0.0766846
16.1402 0.0741706
16.1402 0.071739
16.1402 0.0693871
16.1402 0.0671123
16.1402 0.0649121
16.1402 0.062784
16.1402 0.0607257
16.1402 0.0587349
16.1402 0.0568093
16.1402 0.0549469
16.1402 0.0531455
16.1402 0.0514032
16.1402 0.049718
16.1402 0.0480881
16.1402 0.0465116
16.1402 0.0449867
16.1402 0.0435119
16.1402 0.0420854
16.1402 0.0407057
16.1402 0.0393712
16.1402 0.0380804
16.1402 0.036832
16.1402 0.0356245
16.1402 0.0344566
16.1402 0.033327
16.1402 0.0322344
16.1402 0.0311776
16.1402 0.0301555
16.1402 0.0291669
16.1402 0.0282107
16.1402 0.0272858
16.1402 0.0263913
16.1402 0.0255261
16.1402 0.0246892
16.1402 0.0238798
16.1402 0.023097
16.1402 0.0223397
16.1402 0.0216074
16.1402 0.020899
24.4652 3
24.4652 2.90165
24.4652 2.80652
24.4652 2.71451
24.4652 2.62552
24.4652 2.53945
24.4652 2.45619
24.4652 2.37567
24.4652 2.29779
24.4652 2.22245
24.4652 2.14959
24.4652 2.07912
24.4652 2.01096
24.4652 1.94503
24.4652 1.88127
24.4652 1.81959
24.4652 1.75994
24.4652 1.70224
24.4652 1.64644
24.4652 1.59246
24.4652 1.54025
24.4652 1.48976
24.4652 1.44092
24.4652 1.39368
24.4652 1.34799
24.4652 1.30379
24.4652 1.26105
24.4652 1.21971
24.4652 1.17972
24.4652 1.14105
24.4652 1.10364
24.4652 1.06746
24.4652 1.03246
24.4652 0.998613
24.4652 0.965875
24.4652 0.93421
24.4652 0.903583
24.4652 0.87396
24.4652 0.845308
24.4652 0.817595
24.4652 0.790791
24.4652 0.764866
24.4652 0.739791
24.4652 0.715538
24.4652 0.69208
24.4652 0.66939
24.4652 0.647445
24.4652 0.62622
24.4652 0.60569
24.4652 0.585833
24.4652 0.566627
24.4652 0.548051
24.4652 0.530083
24.4652 0.512705
24.4652 0.495897
24.4652 0.479639
24.4652 0.463915
24.4652 0.448706
24.4652 0.433996
24.4652 0.419767
24.4652 0.406006
24.4652 0.392695
24.4652 0.379821
24.4652 0.367369
24.4652 0.355325
24.4652 0.343677
24.4652 0.332409
24.4652 0.321512
24.4652 0.310971
24.4652 0.300777
24.4652 0.290916
24.4652 0.281379
24.4652 0.272154
24.4652 0.263232
24.4652 0.254602
24.4652 0.246255
24.4652 0.238182
24.4652 0.230373
24.4652 0.222821
24.4652 0.215516
24.4652 0.20845
24.4652 0.201617
24.4652 0.195007
24.4652 0.188614
24.4652 0.18243
24.4652 0.176449
24.4652 0.170665
24.4652 0.16507
24.4652 0.159658
24.4652 0.154424
24.4652 0.149361
24.4652 0.144465
24.4652 0.139728
24.4652 0.135148
24.4652 0.130717
24.4652 0.126432
24.4652 0.122287
24.4652 0.118278
24.4652 0.1144
24.4652 0.110649
24.4652 0.107022
24.4652 0.103513
24.4652 0.10012
24.4652 0.0968375
24.4652 0.0936628
24.4652 0.0905922
24.4652 0.0876222
24.4652 0.0847496
24.4652 0.0819712
24.4652 0.0792838
24.4652 0.0766846
24.4652 0.0741706
24.4652 0.071739
24.4652 0.0693871
24.4652 0.0671123
24.4652 0.0649121
24.4652 0.062784
24.4652 0.0607257
24.4652 0.0587349
24.4652 0.0568093
24.4652 0.0549469
24.4652 0.0531455
24.4652 0.0514032
24.4652 0.049718
24.4652 0.0480881
24.4652 0.0465116
24.4652 0.0449867
24.4652 0.0435119
24.4652 0.0420854
24.4652 0.0407057
24.4652 0.0393712
24.4652 0.0380804
24.4652 0.036832
24.4652 0.0356245
24.4652 0.0344566
24.4652 0.033327
24.4652 0.0322344
24.4652 0.0311776
24.4652 0.0301555
24.4652 0.0291669
24.4652 0.0282107
24.4652 0.0272858
24.4652 0.0263913
24.4652 0.0255261
24.4652 0.0246892
24.4652 0.0238798
24.4652 0.023097
24.4652 0.0223397
24.4652 0.0216074
24.4652 0.020899
17.0081 3
17.0081 2.90165
17.0081 2.80652
17.0081 2.71451
17.0081 2.62552
17.0081 2.53945
17.0081 2.45619
17.0081 2.37567
17.0081 2.29779
17.0081 2.22245
17.0081 2.14959
17.0081 2.07912
17.0081 2.01096
17.0081 1.94503
17.0081 1.88127
17.0081 1.81959
17.0081 1.75994
17.0081 1.70224
17.0081 1.64644
17.0081 1.59246
17.0081 1.54025
17.0081 1.48976
17.0081 1.44092
17.0081 1.39368
17.0081 1.34799
17.0081 1.30379
17.0081 1.26105
17.0081 1.21971
17.0081 1.17972
17.0081 1.14105
17.0081 1.10364
17.0081 1.06746
17.0081 1.03246
17.0081 0.998613
17.0081 0.965875
17.0081 0.93421
17.0081 0.903583
17.0081 0.87396
17.0081 0.845308
17.0081 0.817595
17.0081 0.790791
17.0081 0.764866
17.0081 0.739791
17.0081 0.715538
17.0081 0.69208
17.0081 0.66939
17.0081 0.647445
17.0081 0.62622
17.0081 0.60569
17.0081 0.585833
17.0081 0.566627
17.0081 0.548051
17.0081 0.530083
17.0081 0.512705
17.0081 0.495897
17.0081 0.479639
17.0081 0.463915
17.0081 0.448706
17.0081 0.433996
17.0081 0.419767
17.0081 0.406006
17.0081 0.392695
17.0081 0.379821
17.0081 0.367369
17.0081 0.355325
17.0081 0.343677
17.0081 0.332409
17.0081 0.321512
17.0081 0.310971
17.0081 0.300777
17.0081 0.290916
17.0081 0.281379
17.0081 0.272154
17.0081 0.263232
17.0081 0.254602
17.0081 0.246255
17.0081 0.238182
17.0081 0.230373
17.0081 0.222821
17.0081 0.215516
17.0081 0.20845
17.0081 0.201617
17.0081 0.195007
17.0081 0.188614
17.0081 0.18243
17.0081 0.176449
17.0081 0.170665
17.0081 0.16507
17.0081 0.159658
17.0081 0.154424
17.0081 0.149361
17.0081 0.144465
17.0081 0.139728
17.0081 0.135148
17.0081 0.130717
17.0081 0.126432
17.0081 0.122287
17.0081 0.118278
17.0081 0.1144
17.0081 0.110649
17.0081 0.107022
17.0081 0.103513
17.0081 0.10012
17.0081 0.0968375
17.0081 0.0936628
17.0081 0.0905922
17.0081 0.0876222
17.0081 0.0847496
17.0081 0.0819712
17.0081 0.0792838
17.0081 0.0766846
17.0081 0.0741706
17.0081 0.071739
17.0081 0.0693871
17.0081 0.0671123
17.0081 0.0649121
17.0081 0.062784
17.0081 0.0607257
17.0081 0.0587349
17.0081 0.0568093
17.0081 0.0549469
17.0081 0.0531455
17.0081 0.0514032
17.0081 0.049718
17.0081 0.0480881
17.0081 0.0465116
17.0081 0.0449867
17.0081 0.0435119
17.0081 0.0420854
17.0081 0.0407057
17.0081 0.0393712
17.0081 0.0380804
17.0081 0.036832
17.0081 0.0356245
17.0081 0.0344566
17.0081 0.033327
17.0081 0.0322344
17.0081 0.0311776
17.0081 0.0301555
17.0081 0.0291669
17.0081 0.0282107
17.0081 0.0272858
17.0081 0.0263913
17.0081 0.0255261
17.0081 0.0246892
17.0081 0.0238798
17.0081 0.023097
17.0081 0.0223397
17.0081 0.0216074
17.0081 0.020899
19.4999 3
19.4999 2.90165
19.4999 2.80652
19.4999 2.71451
19.4999 2.62552
19.4999 2.53945
19.4999 2.45619
19.4999 2.37567
19.4999 2.29779
19.4999 2.22245
19.4999 2.14959
19.4999 2.07912
19.4999 2.01096
19.4999 1.94503
19.4999 1.88127
19.4999 1.81959
19.4999 1.75994
19.4999 1.70224
19.4999 1.64644
19.4999 1.59246
19.4999 1.54025
19.4999 1.48976
19.4999 1.44092
19.4999 1.39368
19.4999 1.34799
19.4999 1.30379
19.4999 1.26105
19.4999 1.21971
19.4999 1.17972
19.4999 1.14105
19.4999 1.10364
19.4999 1.06746
19.4999 1.03246
19.4999 0.998613
19.4999 0.965875
19.4999 0.93421
19.4999 0.903583
19.4999 0.87396
19.4999 0.845308
19.4999 0.817595
19.4999 0.790791
19.4999 0.764866
19.4999 0.739791
19.4999 0.715538
19.4999 0.69208
19.4999 0.66939
19.4999 0.647445
19.4999 0.62622
19.4999 0.60569
19.4999 0.585833
19.4999 0.566627
19.4999 0.548051
19.4999 0.530083
19.4999 0.512705
19.4999 0.495897
19.4999 0.479639
19.4999 0.463915
19.4999 0.448706
19.4999 0.433996
19.4999 0.419767
19.4999 0.406006
19.4999 0.392695
19.4999 0.379821
19.4999 0.367369
19.4999 0.355325
19.4999 0.343677
19.4999 0.332409
19.4999 0.321512
19.4999 0.310971
19.4999 0.300777
19.4999 0.290916
19.4999 0.281379
19.4999 0.272154
19.4999 0.263232
19.4999 0.254602
19.4999 0.246255
19.4999 0.238182
19.4999 0.230373
19.4999 0.222821
19.4999 0.215516
19.4999 0.20845
19.4999 0.201617
19.4999 0.195007
19.4999 0.188614
19.4999 0.18243
19.4999 0.176449
19.4999 0.170665
19.4999 0.16507
19.4999 0.159658
19.4999 0.154424
19.4999 0.149361
19.4999 0.144465
19.4999 0.139728
19.4999 0.135148
19.4999 0.130717
19.4999 0.126432
19.4999 0.122287
19.4999 0.118278
19.4999 0.1144
19.4999 0.110649
19.4999 0.107022
19.4999 0.103513
19.4999 0.10012
19.4999 0.0968375
19.4999 0.0936628
19.4999 0.0905922
19.4999 0.0876222
19.4999 0.0847496
19.4999 0.0819712
19.4999 0.0792838
19.4999 0.0766846
19.4999 0.0741706
19.4999 0.071739
19.4999 0.0693871
19.4999 0.0671123
19.4999 0.0649121
19.4999 0.062784
19.4999 0.0607257
19.4999 0.0587349
19.4999 0.0568093
19.4999 0.0549469
19.4999 0.0531455
19.4999 0.0514032
19.4999 0.049718
19.4999 0.0480881
19.4999 0.0465116
19.4999 0.0449867
19.4999 0.0435119
19.4999 0.0420854
19.4999 0.0407057
19.4999 0.0393712
19.4999 0.0380804
19.4999 0.036832
19.4999 0.0356245
19.4999 0.0344566
19.4999 0.033327
19.4999 0.0322344
19.4999 0.0311776
19.4999 0.0301555
19.4999 0.0291669
19.4999 0.0282107
19.4999 0.0272858
19.4999 0.0263913
19.4999 0.0255261
19.4999 0.0246892
19.4999 0.0238798
19.4999 0.023097
19.4999 0.0223397
19.4999 0.0216074
19.4999 0.020899
30.5493 3
30.5493 2.90165
30.5493 2.80652
30.5493 2.71451
30.5493 2.62552
30.5493 2.53945
30.5493 2.45619
30.5493 2.37567
30.5493 2.29779
30.5493 2.22245
30.5493 2.14959
30.5493 2.07912
30.5493 2.01096
30.5493 1.94503
30.5493 1.88127
30.5493 1.81959
30.5493 1.75994
30.5493 1.70224
30.5493 1.64644
30.5493 1.59246
30.5493 1.54025
30.5493 1.48976
30.5493 1.44092
30.5493 1.39368
30.5493 1.34799
30.5493 1.30379
30.5493 1.26105
30.5493 1.21971
30.5493 1.17972
30.5493 1.14105
30.5493 1.10364
30.5493 1.06746
30.5493 1.03246
30.5493 0.998613
30.5493 0.965875
30.5493 0.93421
30.5493 0.903583
30.5493 0.87396
30.5493 0.845308
30.5493 0.817595
30.5493 0.790791
30.5493 0.764866
30.5493 0.739791
30.5493 0.715538
30.5493 0.69208
30.5493 0.66939
30.5493 0.647445
30.5493 0.62622
30.5493 0.60569
30.5493 0.585833
30.5493 0.566627
30.5493 0.548051
30.5493 0.530083
30.5493 0.512705
30.5493 0.495897
30.5493 0.479639
30.5493 0.463915
30.5493 0.448706
30.5493 0.433996
30.5493 0.419767
30.5493 0.406006
30.5493 0.392695
30.5493 0.379821
30.5493 0.367369
30.5493 0.355325
30.5493 0.343677
30.5493 0.332409
30.5493 0.321512
30.5493 0.310971
30.5493 0.300777
30.5493 0.290916
30.5493 0.281379
30.5493 0.272154
30.5493 0.263232
30.5493 0.254602
30.5493 0.246255
30.5493 0.238182
30.5493 0.230373
30.5493 0.222821
30.5493 0.215516
30.5493 0.20845
30.5493 0.201617
30.5493 0.195007
30.5493 0.188614
30.5493 0.18243
30.5493 0.176449
30.5493 0.170665
30.5493 0.16507
30.5493 0.159658
30.5493 0.154424
30.5493 0.149361
30.5493 0.144465
30.5493 0.139728
30.5493 0.135148
30.5493 0.130717
30.5493 0.126432
30.5493 0.122287
30.5493 0.118278
30.5493 0.1144
30.5493 0.110649
30.5493 0.107022
30.5493 0.103513
30.5493 0.10012
30.5493 0.0968375
30.5493 0.0936628
30.5493 0.0905922
30.5493 0.0876222
30.5493 0.0847496
30.5493 0.0819712
30.5493 0.0792838
30.5493 0.0766846
30.5493 0.0741706
30.5493 0.071739
30.5493 0.0693871
30.5493 0.0671123
30.5493 0.0649121
30.5493 0.062784
30.5493 0.0607257
30.5493 0.0587349
30.5493 0.0568093
30.5493 0.0549469
30.5493 0.0531455
30.5493 0.0514032
30.5493 0.049718
30.5493 0.0480881
30.5493 0.0465116
30.5493 0.0449867
30.5493 0.0435119
30.5493 0.0420854
30.5493 0.0407057
30.5493 0.0393712
30.5493 0.0380804
30.5493 0.036832
30.5493 0.0356245
30.5493 0.0344566
30.5493 0.033327
30.5493 0.0322344
30.5493 0.0311776
30.5493 0.0301555
30.5493 0.0291669
30.5493 0.0282107
30.5493 0.0272858
30.5493 0.0263913
30.5493 0.0255261
30.5493 0.0246892
30.5493 0.0238798
30.5493 0.023097
30.5493 0.0223397
30.5493 0.0216074
30.5493 0.020899
21.8215 3
21.8215 2.90165
21.8215 2.80652
21.8215 2.71451
21.8215 2.62552
21.8215 2.53945
21.8215 2.45619
21.8215 2.37567
21.8215 2.29779
21.8215 2.22245
21.8215 2.14959
21.8215 2.07912
21.8215 2.01096
21.8215 1.94503
21.8215 1.88127
21.8215 1.81959
21.8215 1.75994
21.8215 1.70224
21.8215 1.64644
21.8215 1.59246
21.8215 1.54025
21.8215 1.48976
21.8215 1.44092
21.8215 1.39368
21.8215 1.34799
21.8215 1.30379
21.8215 1.26105
21.8215 1.21971
21.8215 1.17972
21.8215 1.14105
21.8215 1.10364
21.8215 1.06746
21.8215 1.03246
21.8215 0.998613
21.8215 0.965875
21.8215 0.93421
21.8215 0.903583
21.8215 0.87396
21.8215 0.845308
21.8215 0.817595
21.8215 0.790791
21.8215 0.764866
21.8215 0.739791
21.8215 0.715538
21.8215 0.69208
21.8215 0.66939
21.8215 0.647445
21.8215 0.62622
21.8215 0.60569
21.8215 0.585833
21.8215 0.566627
21.8215 0.548051
21.8215 0.530083
21.8215 0.512705
21.8215 0.495897
21.8215 0.479639
21.8215 0.463915
21.8215 0.448706
21.8215 0.433996
21.8215 0.419767
21.8215 0.406006
21.8215 0.392695
21.8215 0.379821
21.8215 0.367369
21.8215 0.355325
21.8215 0.343677
21.8215 0.332409
21.8215 0.321512
21.8215 0.310971
21.8215 0.300777
21.8215 0.290916
21.8215 0.281379
21.8215 0.272154
21.8215 0.263232
21.8215 0.254602
21.8215 0.246255
21.8215 0.238182
21.8215 0.230373
21.8215 0.222821
21.8215 0.215516
21.8215 0.20845
21.8215 0.201617
21.8215 0.195007
21.8215 0.188614
21.8215 0.18243
21.8215 0.176449
21.8215 0.170665
21.8215 0.16507
21.8215 0.159658
21.8215 0.154424
21.8215 0.149361
21.8215 0.144465
21.8215 0.139728
21.8215 0.135148
21.8215 0.130717
21.8215 0.126432
21.8215 0.122287
21.8215 0.118278
21.8215 0.1144
21.8215 0.110649
21.8215 0.107022
21.8215 0.103513
21.8215 0.10012
21.8215 0.0968375
21.8215 0.0936628
21.8215 0.0905922
21.8215 0.0876222
21.8215 0.0847496
21.8215 0.0819712
21.8215 0.0792838
21.8215 0.0766846
21.8215 0.0741706
21.8215 0.071739
21.8215 0.0693871
21.8215 0.0671123
21.8215 0.0649121
21.8215 0.062784
21.8215 0.0607257
21.8215 0.0587349
21.8215 0.0568093
21.8215 0.0549469
21.8215 0.0531455
21.8215 0.0514032
21.8215 0.049718
21.8215 0.0480881
21.8215 0.0465116
21.8215 0.0449867
21.8215 0.0435119
21.8215 0.0420854
21.8215 0.0407057
21.8215 0.0393712
21.8215 0.0380804
21.8215 0.036832
21.8215 0.0356245
21.8215 0.0344566
21.8215 0.033327
21.8215 0.0322344
21.8215 0.0311776
21.8215 0.0301555
21.8215 0.0291669
21.8215 0.0282107
21.8215 0.0272858
21.8215 0.0263913
21.8215 0.0255261
21.8215 0.0246892
21.8215 0.0238798
21.8215 0.023097
21.8215 0.0223397
21.8215 0.0216074
21.8215 0.020899
26.3151 3
26.3151 2.90165
26.3151 2.80652
26.3151 2.71451
26.3151 2.62552
26.3151 2.53945
26.3151 2.45619
26.3151 2.37567
26.3151 2.29779
26.3151 2.22245
26.3151 2.14959
26.3151 2.07912
26.3151 2.01096
26.3151 1.94503
26.3151 1.88127
26.3151 1.81959
26.3151 1.75994
26.3151 1.70224
26.3151 1.64644
26.3151 1.59246
26.3151 1.54025
26.3151 1.48976
26.3151 1.44092
26.3151 1.39368
26.3151 1.34799
26.3151 1.30379
26.3151 1.26105
26.3151 1.21971
26.3151 1.17972
26.3151 1.14105
26.3151 1.10364
26.3151 1.06746
26.3151 1.03246
26.3151 0.998613
26.3151 0.965875
26.3151 0.93421
26.3151 0.903583
26.3151 0.87396
26.3151 0.845308
26.3151 0.817595
26.3151 0.790791
26.3151 0.764866
26.3151 0.739791
26.3151 0.715538
26.3151 0.69208
26.3151 0.66939
26.3151 0.647445
26.3151 0.62622
26.3151 0.60569
26.3151 0.585833
26.3151 0.566627
26.3151 0.548051
26.3151 0.530083
26.3151 0.512705
26.3151 0.495897
26.3151 0.479639
26.3151 0.463915
26.3151 0.448706
26.3151 0.433996
26.3151 0.419767
26.3151 0.406006
26.3151 0.392695
26.3151 0.379821
26.3151 0.367369
26.3151 0.355325
26.3151 0.343677
26.3151 0.332409
26.3151 0.321512
26.3151 0.310971
26.3151 0.300777
26.3151 0.290916
26.3151 0.281379
26.3151 0.272154
26.3151 0.263232
26.3151 0.254602
26.3151 0.246255
26.3151 0.238182
26.3151 0.230373
26.3151 0.222821
26.3151 0.215516
26.3151 0.20845
26.3151 0.201617
26.3151 0.195007
26.3151 0.188614
26.3151 0.18243
26.3151 0.176449
26.3151 0.170665
26.3151 0.16507
26.3151 0.159658
26.3151 0.154424
26.3151 0.149361
26.3151 0.144465
26.3151 0.139728
26.3151 0.135148
26.3151 0.130717
26.3151 0.126432
26.3151 0.122287
26.3151 0.118278
26.3151 0.1144
26.3151 0.110649
26.3151 0.107022
26.3151 0.103513
26.3151 0.10012
26.3151 0.0968375
26.3151 0.0936628
26.3151 0.0905922
26.3151 0.0876222
26.3151 0.0847496
26.3151 0.0819712
26.3151 0.0792838
26.3151 0.0766846
26.3151 0.0741706
26.3151 0.071739
26.3151 0.0693871
26.3151 0.0671123
26.3151 0.0649121
26.3151 0.062784
26.3151 0.0607257
26.3151 0.0587349
26.3151 0.0568093
26.3151 0.0549469
26.3151 0.0531455
26.3151 0.0514032
26.3151 0.049718
26.3151 0.0480881
26.3151 0.0465116
26.3151 0.0449867
26.3151 0.0435119
26.3151 0.0420854
26.3151 0.0407057
26.3151 0.0393712
26.3151 0.0380804
26.3151 0.036832
26.3151 0.0356245
26.3151 0.0344566
26.3151 0.033327
26.3151 0.0322344
26.3151 0.0311776
26.3151 0.0301555
26.3151 0.0291669
26.3151 0.0282107
26.3151 0.0272858
26.3151 0.0263913
26.3151 0.0255261
26.3151 0.0246892
26.3151 0.0238798
26.3151 0.023097
26.3151 0.0223397
26.3151 0.0216074
26.3151 0.020899
18.7493 3
18.7493 2.90165
18.7493 2.80652
18.7493 2.71451
18.7493 2.62552
18.7493 2.53945
18.7493 2.45619
18.7493 2.37567
18.7493 2.29779
18.7493 2.22245
18.7493 2.14959
18.7493 2.07912
18.7493 2.01096
18.7493 1.94503
18.7493 1.88127
18.7493 1.81959
18.7493 1.75994
18.7493 1.70224
18.7493 1.64644
18.7493 1.59246
18.7493 1.54025
18.7493 1.48976
18.7493 1.44092
18.7493 1.39368
18.7493 1.34799
18.7493 1.30379
18.7493 1.26105
18.7493 1.21971
18.7493 1.17972
18.7493 1.14105
18.7493 1.10364
18.7493 1.06746
18.7493 1.03246
18.7493 0.998613
18.7493 0.965875
18.7493 0.93421
18.7493 0.903583
18.7493 0.87396
18.7493 0.845308
18.7493 0.817595
18.7493 0.790791
18.7493 0.764866
18.7493 0.739791
18.7493 0.715538
18.7493 0.69208
18.7493 0.66939
18.7493 0.647445
18.7493 0.62622
18.7493 0.60569
18.7493 0.585833
18.7493 0.566627
18.7493 0.548051
18.7493 0.530083
18.7493 0.512705
18.7493 0.495897
18.7493 0.479639
18.7493 0.463915
18.7493 0.448706
18.7493 0.433996
18.7493 0.419767
18.7493 0.406006
18.7493 0.392695
18.7493 0.379821
18.7493 0.367369
18.7493 0.355325
18.7493 0.343677
18.7493 0.332409
18.7493 0.321512
18.7493 0.310971
18.7493 0.300777
18.7493 0.290916
18.7493 0.281379
18.7493 0.272154
18.7493 0.263232
18.7493 0.254602
18.7493 0.246255
18.7493 0.238182
18.7493 0.230373
18.7493 0.222821
18.7493 0.215516
18.7493 0.20845
18.7493 0.201617
18.7493 0.195007
18.7493 0.188614
18.7493 0.18243
18.7493 0.176449
18.7493 0.170665
18.7493 0.16507
18.7493 0.159658
18.7493 0.154424
18.7493 0.149361
18.7493 0.144465
18.7493 0.139728
18.7493 0.135148
18.7493 0.130717
18.7493 0.126432
18.7493 0.122287
18.7493 0.118278
18.7493 0.1144
18.7493 0.110649
18.7493 0.107022
18.7493 0.103513
18.7493 0.10012
18.7493 0.0968375
18.7493 0.0936628
18.7493 0.0905922
18.7493 0.0876222
18.7493 0.0847496
18.7493 0.0819712
18.7493 0.0792838
18.7493 0.0766846
18.7493 0.0741706
18.7493 0.071739
18.7493 0.0693871
18.7493 0.0671123
18.7493 0.0649121
18.7493 0.062784
18.7493 0.0607257
18.7493 0.0587349
18.7493 0.0568093
18.7493 0.0549469
18.7493 0.0531455
18.7493 0.0514032
18.7493 0.049718
18.7493 0.0480881
18.7493 0.0465116
18.7493 0.0449867
18.7493 0.0435119
18.7493 0.0420854
18.7493 0.0407057
18.7493 0.0393712
18.7493 0.0380804
18.7493 0.036832
18.7493 0.0356245
18.7493 0.0344566
18.7493 0.033327
18.7493 0.0322344
18.7493 0.0311776
18.7493 0.0301555
18.7493 0.0291669
18.7493 0.0282107
18.7493 0.0272858
18.7493 0.0263913
18.7493 0.0255261
18.7493 0.0246892
18.7493 0.0238798
18.7493 0.023097
18.7493 0.0223397
18.7493 0.0216074
18.7493 0.020899
17.0027 3
17.0027 2.90165
17.0027 2.80652
17.0027 2.71451
17.0027 2.62552
17.0027 2.53945
17.0027 2.45619
17.0027 2.37567
17.0027 2.29779
17.0027 2.22245
17.0027 2.14959
17.0027 2.07912
17.0027 2.01096
17.0027 1.94503
17.0027 1.88127
17.0027 1.81959
17.0027 1.75994
17.0027 1.70224
17.0027 1.64644
17.0027 1.59246
17.0027 1.54025
17.0027 1.48976
17.0027 1.44092
17.0027 1.39368
17.0027 1.34799
17.0027 1.30379
17.0027 1.26105
17.0027 1.21971
17.0027 1.17972
17.0027 1.14105
17.0027 1.10364
17.0027 1.06746
17.0027 1.03246
17.0027 0.998613
17.0027 0.965875
17.0027 0.93421
17.0027 0.903583
17.0027 0.87396
17.0027 0.845308
17.0027 0.817595
17.0027 0.790791
17.0027 0.764866
17.0027 0.739791
17.0027 0.715538
17.0027 0.69208
17.0027 0.66939
17.0027 0.647445
17.0027 0.62622
17.0027 0.60569
17.0027 0.585833
17.0027 0.566627
17.0027 0.548051
17.0027 0.530083
17.0027 0.512705
17.0027 0.495897
17.0027 0.479639
17.0027 0.463915
17.0027 0.448706
17.0027 0.433996
17.0027 0.419767
17.0027 0.406006
17.0027 0.392695
17.0027 0.379821
17.0027 0.367369
17.0027 0.355325
17.0027 0.343677
17.0027 0.332409
17.0027 0.321512
17.0027 0.310971
17.0027 0.300777
17.0027 0.290916
17.0027 0.281379
17.0027 0.272154
17.0027 0.263232
17.0027 0.254602
17.0027 0.246255
17.0027 0.238182
17.0027 0.230373
17.0027 0.222821
17.0027 0.215516
17.0027 0.20845
17.0027 0.201617
17.0027 0.195007
17.0027 0.188614
17.0027 0.18243
17.0027 0.176449
17.0027 0.170665
17.0027 0.16507
17.0027 0.159658
17.0027 0.154424
17.0027 0.149361
17.0027 0.144465
17.0027 0.139728
17.0027 0.135148
17.0027 0.130717
17.0027 0.126432
17.0027 0.122287
17.0027 0.118278
17.0027 0.1144
17.0027 0.110649
17.0027 0.107022
17.0027 0.103513
17.0027 0.10012
17.0027 0.0968375
17.0027 0.0936628
17.0027 0.0905922
17.0027 0.0876222
17.0027 0.0847496
17.0027 0.0819712
17.0027 0.0792838
17.0027 0.0766846
17.0027 0.0741706
17.0027 0.071739
17.0027 0.0693871
17.0027 0.0671123
17.0027 0.0649121
17.0027 0.062784
17.0027 0.0607257
17.0027 0.0587349
17.0027 0.0568093
17.0027 0.0549469
17.0027 0.0531455
17.0027 0.0514032
17.0027 0.049718
17.0027 0.0480881
17.0027 0.0465116
17.0027 0.0449867
17.0027 0.0435119
17.0027 0.0420854
17.0027 0.0407057
17.0027 0.0393712
17.0027 0.0380804
17.0027 0.036832
17.0027 0.0356245
17.0027 0.0344566
17.0027 0.033327
17.0027 0.0322344
17.0027 0.0311776
17.0027 0.0301555
17.0027 0.0291669
17.0027 0.0282107
17.0027 0.0272858
17.0027 0.0263913
17.0027 0.0255261
17.0027 0.0246892
17.0027 0.0238798
17.0027 0.023097
17.0027 0.0223397
17.0027 0.0216074
17.0027 0.020899
18.8061 3
18.8061 2.90165
18.8061 2.80652
18.8061 2.71451
18.8061 2.62552
18.8061 2.53945
18.8061 2.45619
18.8061 2.37567
18.8061 2.29779
18.8061 2.22245
18.8061 2.14959
18.8061 2.07912
18.8061 2.01096
18.8061 1.94503
18.8061 1.88127
18.8061 1.81959
18.8061 1.75994
18.8061 1.70224
18.8061 1.64644
18.8061 1.59246
18.8061 1.54025
18.8061 1.48976
18.8061 1.44092
18.8061 1.39368
18.8061 1.34799
18.8061 1.30379
18.8061 1.26105
18.8061 1.21971
18.8061 1.17972
18.8061 1.14105
18.8061 1.10364
18.8061 1.06746
18.8061 1.03246
18.8061 0.998613
18.8061 0.965875
18.8061 0.93421
18.8061 0.903583
18.8061 0.87396
18.8061 0.845308
18.8061 0.817595
18.8061 0.790791
18.8061 0.764866
18.8061 0.739791
18.8061 0.715538
18.8061 0.69208
18.8061 0.66939
18.8061 0.647445
18.8061 0.62622
18.8061 0.60569
18.8061 0.585833
18.8061 0.566627
18.8061 0.548051
18.8061 0.530083
18.8061 0.512705
18.8061 0.495897
18.8061 0.479639
18.8061 0.463915
18.8061 0.448706
18.8061 0.433996
18.8061 0.419767
18.8061 0.406006
18.8061 0.392695
18.8061 0.379821
18.8061 0.367369
18.8061 0.355325
18.8061 0.343677
18.8061 0.332409
18.8061 0.321512
18.8061 0.310971
18.8061 0.300777
18.8061 0.290916
18.8061 0.281379
18.8061 0.272154
18.8061 0.263232
18.8061 0.254602
18.8061 0.246255
18.8061 0.238182
18.8061 0.230373
18.8061 0.222821
18.8061 0.215516
18.8061 0.20845
18.8061 0.201617
18.8061 0.195007
18.8061 0.188614
18.8061 0.18243
18.8061 0.176449
18.8061 0.170665
18.8061 0.16507
18.8061 0.159658
18.8061 0.154424
18.8061 0.149361
18.8061 0.144465
18.8061 0.139728
18.8061 0.135148
18.8061 0.130717
18.8061 0.126432
18.8061 0.122287
18.8061 0.118278
18.8061 0.1144
18.8061 0.110649
18.8061 0.107022
18.8061 0.103513
18.8061 0.10012
18.8061 0.0968375
18.8061 0.0936628
18.8061 0.0905922
18.8061 0.0876222
18.8061 0.0847496
18.8061 0.0819712
18.8061 0.0792838
18.8061 0.0766846
18.8061 0.0741706
18.8061 0.071739
18.8061 0.0693871
18.8061 0.0671123
18.8061 0.0649121
18.8061 0.062784
18.8061 0.0607257
18.8061 0.0587349
18.8061 0.0568093
18.8061 0.0549469
18.8061 0.0531455
18.8061 0.0514032
18.8061 0.049718
18.8061 0.0480881
18.8061 0.0465116
18.8061 0.0449867
18.8061 0.0435119
18.8061 0.0420854
18.8061 0.0407057
18.8061 0.0393712
18.8061 0.0380804
18.8061 0.036832
18.8061 0.0356245
18.8061 0.0344566
18.8061 0.033327
18.8061 0.0322344
18.8061 0.0311776
18.8061 0.0301555
18.8061 0.0291669
18.8061 0.0282107
18.8061 0.0272858
18.8061 0.0263913
18.8061 0.0255261
18.8061 0.0246892
18.8061 0.0238798
18.8061 0.023097
18.8061 0.0223397
18.8061 0.0216074
18.8061 0.020899
29.665 3
29.665 2.90165
29.665 2.80652
29.665 2.71451
29.665 2.62552
29.665 2.53945
29.665 2.45619
29.665 2.37567
29.665 2.29779
29.665 2.22245
29.665 2.14959
29.665 2.07912
29.665 2.01096
29.665 1.94503
29.665 1.88127
29.665 1.81959
29.665 1.75994
29.665 1.70224
29.665 1.64644
29.665 1.59246
29.665 1.54025
29.665 1.48976
29.665 1.44092
29.665 1.39368
29.665 1.34799
29.665 1.30379
29.665 1.26105
29.665 1.21971
29.665 1.17972
29.665 1.14105
29.665 1.10364
29.665 1.06746
29.665 1.03246
29.665 0.998613
29.665 0.965875
29.665 0.93421
29.665 0.903583
29.665 0.87396
29.665 0.845308
29.665 0.817595
29.665 0.790791
29.665 0.764866
29.665 0.739791
29.665 0.715538
29.665 0.69208
29.665 0.66939
29.665 0.647445
29.665 0.62622
29.665 0.60569
29.665 0.585833
29.665 0.566627
29.665 0.548051
29.665 0.530083
29.665 0.512705
29.665 0.495897
29.665 0.479639
29.665 0.463915
29.665 0.448706
29.665 0.433996
29.665 0.419767
29.665 0.406006
29.665 0.392695
29.665 0.379821
29.665 0.367369
29.665 0.355325
29.665 0.343677
29.665 0.332409
29.665 0.321512
29.665 0.310971
29.665 0.300777
29.665 0.290916
29.665 0.281379
29.665 0.272154
29.665 0.263232
29.665 0.254602
29.665 0.246255
29.665 0.238182
29.665 0.230373
29.665 0.222821
29.665 0.215516
29.665 0.20845
29.665 0.201617
29.665 0.195007
29.665 0.188614
29.665 0.18243
29.665 0.176449
29.665 0.170665
29.665 0.16507
29.665 0.159658
29.665 0.154424
29.665 0.149361
29.665 0.144465
29.665 0.139728
29.665 0.135148
29.665 0.130717
29.665 0.126432
29.665 0.122287
29.665 0.118278
29.665 0.1144
29.665 0.110649
29.665 0.107022
29.665 0.103513
29.665 0.10012
29.665 0.0968375
29.665 0.0936628
29.665 0.0905922
29.665 0.0876222
29.665 0.0847496
29.665 0.0819712
29.665 0.0792838
29.665 0.0766846
29.665 0.0741706
29.665 0.071739
29.665 0.0693871
29.665 0.0671123
29.665 0.0649121
29.665 0.062784
29.665 0.0607257
29.665 0.0587349
29.665 0.0568093
29.665 0.0549469
29.665 0.0531455
29.665 0.0514032
29.665 0.049718
29.665 0.0480881
29.665 0.0465116
29.665 0.0449867
29.665 0.0435119
29.665 0.0420854
29.665 0.0407057
29.665 0.0393712
29.665 0.0380804
29.665 0.036832
29.665 0.0356245
29.665 0.0344566
29.665 0.033327
29.665 0.0322344
29.665 0.0311776
29.665 0.0301555
29.665 0.0291669
29.665 0.0282107
29.665 0.0272858
29.665 0.0263913
29.665 0.0255261
29.665 0.0246892
29.665 0.0238798
29.665 0.023097
29.665 0.0223397
29.665 0.0216074
29.665 0.020899
17.7025 3
17.7025 2.90165
17.7025 2.80652
17.7025 2.71451
17.7025 2.62552
17.7025 2.53945
17.7025 2.45619
17.7025 2.37567
17.7025 2.29779
17.7025 2.22245
17.7025 2.14959
17.7025 2.07912
17.7025 2.01096
17.7025 1.94503
17.7025 1.88127
17.7025 1.81959
17.7025 1.75994
17.7025 1.70224
17.7025 1.64644
17.7025 1.59246
17.7025 1.54025
17.7025 1.48976
17.7025 1.44092
17.7025 1.39368
17.7025 1.34799
17.7025 1.30379
17.7025 1.26105
17.7025 1.21971
17.7025 1.17972
17.7025 1.14105
17.7025 1.10364
17.7025 1.06746
17.7025 1.03246
17.7025 0.998613
17.7025 0.965875
17.7025 0.93421
17.7025 0.903583
17.7025 0.87396
17.7025 0.845308
17.7025 0.817595
17.7025 0.790791
17.7025 0.764866
17.7025 0.739791
17.7025 0.715538
17.7025 0.69208
17.7025 0.66939
17.7025 0.647445
17.7025 0.62622
17.7025 0.60569
17.7025 0.585833
17.7025 0.566627
17.7025 0.548051
17.7025 0.530083
17.7025 0.512705
17.7025 0.495897
17.7025 0.479639
17.7025 0.463915
17.7025 0.448706
17.7025 0.433996
17.7025 0.419767
17.7025 0.406006
17.7025 0.392695
17.7025 0.379821
17.7025 0.367369
17.7025 0.355325
17.7025 0.343677
17.7025 0.332409
17.7025 0.321512
17.7025 0.310971
17.7025 0.300777
17.7025 0.290916
17.7025 0.281379
17.7025 0.272154
17.7025 0.263232
17.7025 0.254602
17.7025 0.246255
17.7025 0.238182
17.7025 0.230373
17.7025 0.222821
17.7025 0.215516
17.7025 0.20845
17.7025 0.201617
17.7025 0.195007
17.7025 0.188614
17.7025 0.18243
17.7025 0.176449
17.7025 0.170665
17.7025 0.16507
17.7025 0.159658
17.7025 0.154424
17.7025 0.149361
17.7025 0.144465
17.7025 0.139728
17.7025 0.135148
17.7025 0.130717
17.7025 0.126432
17.7025 0.122287
17.7025 0.118278
17.7025 0.1144
17.7025 0.110649
17.7025 0.107022
17.7025 0.103513
17.7025 0.10012
17.7025 0.0968375
17.7025 0.0936628
17.7025 0.0905922
17.7025 0.0876222
17.7025 0.0847496
17.7025 0.0819712
17.7025 0.0792838
17.7025 0.0766846
17.7025 0.0741706
17.7025 0.071739
17.7025 0.0693871
17.7025 0.0671123
17.7025 0.0649121
17.7025 0.062784
17.7025 0.0607257
17.7025 0.0587349
17.7025 0.0568093
17.7025 0.0549469
17.7025 0.0531455
17.7025 0.0514032
17.7025 0.049718
17.7025 0.0480881
17.7025 0.0465116
17.7025 0.0449867
17.7025 0.0435119
17.7025 0.0420854
17.7025 0.0407057
17.7025 0.0393712
17.7025 0.0380804
17.7025 0.036832
17.7025 0.0356245
17.7025 0.0344566
17.7025 0.033327
17.7025 0.0322344
17.7025 0.0311776
17.7025 0.0301555
17.7025 0.0291669
17.7025 0.0282107
17.7025 0.0272858
17.7025 0.0263913
17.7025 0.0255261
17.7025 0.0246892
17.7025 0.0238798
17.7025 0.023097
17.7025 0.0223397
17.7025 0.0216074
17.7025 0.020899
24.3602 3
24.3602 2.90165
24.3602 2.80652
24.3602 2.71451
24.3602 2.62552
24.36