3.025029 1.049893 1.122661 -0.456995 -0.628565 1.744398 1.100838 -0.650349 0.169511 -0.402808 -1.592639 0.094728 0.159070 -1.908690 -0.878799  
1.049893 1.122661 -0.456995 -0.628565 1.744398 1.100838 -0.650349 0.169511 -0.402808 -1.592639 0.094728 0.159070 -1.908690 -0.878799 0.660883  
1.122661 -0.456995 -0.628565 1.744398 1.100838 -0.650349 0.169511 -0.402808 -1.592639 0.094728 0.159070 -1.908690 -0.878799 0.660883 0.610199  
-0.456995 -0.628565 1.744398 1.100838 -0.650349 0.169511 -0.402808 -1.592639 0.094728 0.159070 -1.908690 -0.878799 0.660883 0.610199 2.797421  
-0.628565 1.744398 1.100838 -0.650349 0.169511 -0.402808 -1.592639 0.094728 0.159070 -1.908690 -0.878799 0.660883 0.610199 2.797421 4.189202  
1.744398 1.100838 -0.650349 0.169511 -0.402808 -1.592639 0.094728 0.159070 -1.908690 -0.878799 0.660883 0.610199 2.797421 4.189202 1.512006  
1.100838 -0.650349 0.169511 -0.402808 -1.592639 0.094728 0.159070 -1.908690 -0.878799 0.660883 0.610199 2.797421 4.189202 1.512006 0.163157  
-0.650349 0.169511 -0.402808 -1.592639 0.094728 0.159070 -1.908690 -0.878799 0.660883 0.610199 2.797421 4.189202 1.512006 0.163157 0.575796  
0.169511 -0.402808 -1.592639 0.094728 0.159070 -1.908690 -0.878799 0.660883 0.610199 2.797421 4.189202 1.512006 0.163157 0.575796 -0.595416  
-0.402808 -1.592639 0.094728 0.159070 -1.908690 -0.878799 0.660883 0.610199 2.797421 4.189202 1.512006 0.163157 0.575796 -0.595416 0.279388  
-1.592639 0.094728 0.159070 -1.908690 -0.878799 0.660883 0.610199 2.797421 4.189202 1.512006 0.163157 0.575796 -0.595416 0.279388 2.717487  
0.094728 0.159070 -1.908690 -0.878799 0.660883 0.610199 2.797421 4.189202 1.512006 0.163157 0.575796 -0.595416 0.279388 2.717487 1.364455  
0.159070 -1.908690 -0.878799 0.660883 0.610199 2.797421 4.189202 1.512006 0.163157 0.575796 -0.595416 0.279388 2.717487 1.364455 -0.503030  
-1.908690 -0.878799 0.660883 0.610199 2.797421 4.189202 1.512006 0.163157 0.575796 -0.595416 0.279388 2.717487 1.364455 -0.503030 -0.192194  
-0.878799 0.660883 0.610199 2.797421 4.189202 1.512006 0.163157 0.575796 -0.595416 0.279388 2.717487 1.364455 -0.503030 -0.192194 -1.691640  
0.660883 0.610199 2.797421 4.189202 1.512006 0.163157 0.575796 -0.595416 0.279388 2.717487 1.364455 -0.503030 -0.192194 -1.691640 -2.803235  
0.610199 2.797421 4.189202 1.512006 0.163157 0.575796 -0.595416 0.279388 2.717487 1.364455 -0.503030 -0.192194 -1.691640 -2.803235 -0.986932  
2.797421 4.189202 1.512006 0.163157 0.575796 -0.595416 0.279388 2.717487 1.364455 -0.503030 -0.192194 -1.691640 -2.803235 -0.986932 -1.343780  
4.189202 1.512006 0.163157 0.575796 -0.595416 0.279388 2.717487 1.364455 -0.503030 -0.192194 -1.691640 -2.803235 -0.986932 -1.343780 -3.021784  
1.512006 0.163157 0.575796 -0.595416 0.279388 2.717487 1.364455 -0.503030 -0.192194 -1.691640 -2.803235 -0.986932 -1.343780 -3.021784 -1.534325  
0.163157 0.575796 -0.595416 0.279388 2.717487 1.364455 -0.503030 -0.192194 -1.691640 -2.803235 -0.986932 -1.343780 -3.021784 -1.534325 -0.533591  
0.575796 -0.595416 0.279388 2.717487 1.364455 -0.503030 -0.192194 -1.691640 -2.803235 -0.986932 -1.343780 -3.021784 -1.534325 -0.533591 -0.814096  
-0.595416 0.279388 2.717487 1.364455 -0.503030 -0.192194 -1.691640 -2.803235 -0.986932 -1.343780 -3.021784 -1.534325 -0.533591 -0.814096 1.319237  
0.279388 2.717487 1.364455 -0.503030 -0.192194 -1.691640 -2.803235 -0.986932 -1.343780 -3.021784 -1.534325 -0.533591 -0.814096 1.319237 1.912661  
2.717487 1.364455 -0.503030 -0.192194 -1.691640 -2.803235 -0.986932 -1.343780 -3.021784 -1.534325 -0.533591 -0.814096 1.319237 1.912661 -0.802695  
1.364455 -0.503030 -0.192194 -1.691640 -2.803235 -0.986932 -1.343780 -3.021784 -1.534325 -0.533591 -0.814096 1.319237 1.912661 -0.802695 -1.148450  
-0.503030 -0.192194 -1.691640 -2.803235 -0.986932 -1.343780 -3.021784 -1.534325 -0.533591 -0.814096 1.319237 1.912661 -0.802695 -1.148450 -0.219056  
-0.192194 -1.691640 -2.803235 -0.986932 -1.343780 -3.021784 -1.534325 -0.533591 -0.814096 1.319237 1.912661 -0.802695 -1.148450 -0.219056 -0.761738  
-1.691640 -2.803235 -0.986932 -1.343780 -3.021784 -1.534325 -0.533591 -0.814096 1.319237 1.912661 -0.802695 -1.148450 -0.219056 -0.761738 1.069212  
-2.803235 -0.986932 -1.343780 -3.021784 -1.534325 -0.533591 -0.814096 1.319237 1.912661 -0.802695 -1.148450 -0.219056 -0.761738 1.069212 3.242238  
-0.986932 -1.343780 -3.021784 -1.534325 -0.533591 -0.814096 1.319237 1.912661 -0.802695 -1.148450 -0.219056 -0.761738 1.069212 3.242238 1.183346  
-1.343780 -3.021784 -1.534325 -0.533591 -0.814096 1.319237 1.912661 -0.802695 -1.148450 -0.219056 -0.761738 1.069212 3.242238 1.183346 -0.629899  
-3.021784 -1.534325 -0.533591 -0.814096 1.319237 1.912661 -0.802695 -1.148450 -0.219056 -0.761738 1.069212 3.242238 1.183346 -0.629899 -0.643229  
-1.534325 -0.533591 -0.814096 1.319237 1.912661 -0.802695 -1.148450 -0.219056 -0.761738 1.069212 3.242238 1.183346 -0.629899 -0.643229 -2.532652  
-0.533591 -0.814096 1.319237 1.912661 -0.802695 -1.148450 -0.219056 -0.761738 1.069212 3.242238 1.183346 -0.629899 -0.643229 -2.532652 -3.016538  
-0.814096 1.319237 1.912661 -0.802695 -1.148450 -0.219056 -0.761738 1.069212 3.242238 1.183346 -0.629899 -0.643229 -2.532652 -3.016538 -0.931965  
1.319237 1.912661 -0.802695 -1.148450 -0.219056 -0.761738 1.069212 3.242238 1.183346 -0.629899 -0.643229 -2.532652 -3.016538 -0.931965 -1.654041  
1.912661 -0.802695 -1.148450 -0.219056 -0.761738 1.069212 3.242238 1.183346 -0.629899 -0.643229 -2.532652 -3.016538 -0.931965 -1.654041 -3.033165  
-0.802695 -1.148450 -0.219056 -0.761738 1.069212 3.242238 1.183346 -0.629899 -0.643229 -2.532652 -3.016538 -0.931965 -1.654041 -3.033165 -1.579635  
-1.148450 -0.219056 -0.761738 1.069212 3.242238 1.183346 -0.629899 -0.643229 -2.532652 -3.016538 -0.931965 -1.654041 -3.033165 -1.579635 -1.488935  
-0.219056 -0.761738 1.069212 3.242238 1.183346 -0.629899 -0.643229 -2.532652 -3.016538 -0.931965 -1.654041 -3.033165 -1.579635 -1.488935 -2.054164  
-0.761738 1.069212 3.242238 1.183346 -0.629899 -0.643229 -2.532652 -3.016538 -0.931965 -1.654041 -3.033165 -1.579635 -1.488935 -2.054164 -0.046906  
1.069212 3.242238 1.183346 -0.629899 -0.643229 -2.532652 -3.016538 -0.931965 -1.654041 -3.033165 -1.579635 -1.488935 -2.054164 -0.046906 -0.087960  
3.242238 1.183346 -0.629899 -0.643229 -2.532652 -3.016538 -0.931965 -1.654041 -3.033165 -1.579635 -1.488935 -2.054164 -0.046906 -0.087960 -2.408889  
1.183346 -0.629899 -0.643229 -2.532652 -3.016538 -0.931965 -1.654041 -3.033165 -1.579635 -1.488935 -2.054164 -0.046906 -0.087960 -2.408889 -1.643209  
-0.629899 -0.643229 -2.532652 -3.016538 -0.931965 -1.654041 -3.033165 -1.579635 -1.488935 -2.054164 -0.046906 -0.087960 -2.408889 -1.643209 -0.331181  
-0.643229 -2.532652 -3.016538 -0.931965 -1.654041 -3.033165 -1.579635 -1.488935 -2.054164 -0.046906 -0.087960 -2.408889 -1.643209 -0.331181 -0.341383  
-2.532652 -3.016538 -0.931965 -1.654041 -3.033165 -1.579635 -1.488935 -2.054164 -0.046906 -0.087960 -2.408889 -1.643209 -0.331181 -0.341383 2.102697  
-3.016538 -0.931965 -1.654041 -3.033165 -1.579635 -1.488935 -2.054164 -0.046906 -0.087960 -2.408889 -1.643209 -0.331181 -0.341383 2.102697 3.678744  
-0.931965 -1.654041 -3.033165 -1.579635 -1.488935 -2.054164 -0.046906 -0.087960 -2.408889 -1.643209 -0.331181 -0.341383 2.102697 3.678744 1.085075  
-1.654041 -3.033165 -1.579635 -1.488935 -2.054164 -0.046906 -0.087960 -2.408889 -1.643209 -0.331181 -0.341383 2.102697 3.678744 1.085075 -0.343282  
-3.033165 -1.579635 -1.488935 -2.054164 -0.046906 -0.087960 -2.408889 -1.643209 -0.331181 -0.341383 2.102697 3.678744 1.085075 -0.343282 -0.336635  
-1.579635 -1.488935 -2.054164 -0.046906 -0.087960 -2.408889 -1.643209 -0.331181 -0.341383 2.102697 3.678744 1.085075 -0.343282 -0.336635 -2.026482  
-1.488935 -2.054164 -0.046906 -0.087960 -2.408889 -1.643209 -0.331181 -0.341383 2.102697 3.678744 1.085075 -0.343282 -0.336635 -2.026482 -1.505557  
-2.054164 -0.046906 -0.087960 -2.408889 -1.643209 -0.331181 -0.341383 2.102697 3.678744 1.085075 -0.343282 -0.336635 -2.026482 -1.505557 0.762782  
-0.046906 -0.087960 -2.408889 -1.643209 -0.331181 -0.341383 2.102697 3.678744 1.085075 -0.343282 -0.336635 -2.026482 -1.505557 0.762782 -0.422932  
-0.087960 -2.408889 -1.643209 -0.331181 -0.341383 2.102697 3.678744 1.085075 -0.343282 -0.336635 -2.026482 -1.505557 0.762782 -0.422932 -1.702114  
-2.408889 -1.643209 -0.331181 -0.341383 2.102697 3.678744 1.085075 -0.343282 -0.336635 -2.026482 -1.505557 0.762782 -0.422932 -1.702114 -0.705316  
-1.643209 -0.331181 -0.341383 2.102697 3.678744 1.085075 -0.343282 -0.336635 -2.026482 -1.505557 0.762782 -0.422932 -1.702114 -0.705316 -1.635927  
-0.331181 -0.341383 2.102697 3.678744 1.085075 -0.343282 -0.336635 -2.026482 -1.505557 0.762782 -0.422932 -1.702114 -0.705316 -1.635927 -2.317841  
-0.341383 2.102697 3.678744 1.085075 -0.343282 -0.336635 -2.026482 -1.505557 0.762782 -0.422932 -1.702114 -0.705316 -1.635927 -2.317841 -0.386313  
2.102697 3.678744 1.085075 -0.343282 -0.336635 -2.026482 -1.505557 0.762782 -0.422932 -1.702114 -0.705316 -1.635927 -2.317841 -0.386313 -0.883164  
3.678744 1.085075 -0.343282 -0.336635 -2.026482 -1.505557 0.762782 -0.422932 -1.702114 -0.705316 -1.635927 -2.317841 -0.386313 -0.883164 -2.607780  
1.085075 -0.343282 -0.336635 -2.026482 -1.505557 0.762782 -0.422932 -1.702114 -0.705316 -1.635927 -2.317841 -0.386313 -0.883164 -2.607780 -1.006736  
-0.343282 -0.336635 -2.026482 -1.505557 0.762782 -0.422932 -1.702114 -0.705316 -1.635927 -2.317841 -0.386313 -0.883164 -2.607780 -1.006736 0.240893  
-0.336635 -2.026482 -1.505557 0.762782 -0.422932 -1.702114 -0.705316 -1.635927 -2.317841 -0.386313 -0.883164 -2.607780 -1.006736 0.240893 0.431053  
-2.026482 -1.505557 0.762782 -0.422932 -1.702114 -0.705316 -1.635927 -2.317841 -0.386313 -0.883164 -2.607780 -1.006736 0.240893 0.431053 3.031389  
-1.505557 0.762782 -0.422932 -1.702114 -0.705316 -1.635927 -2.317841 -0.386313 -0.883164 -2.607780 -1.006736 0.240893 0.431053 3.031389 3.783317  
0.762782 -0.422932 -1.702114 -0.705316 -1.635927 -2.317841 -0.386313 -0.883164 -2.607780 -1.006736 0.240893 0.431053 3.031389 3.783317 0.967340  
-0.422932 -1.702114 -0.705316 -1.635927 -2.317841 -0.386313 -0.883164 -2.607780 -1.006736 0.240893 0.431053 3.031389 3.783317 0.967340 0.269891  
-1.702114 -0.705316 -1.635927 -2.317841 -0.386313 -0.883164 -2.607780 -1.006736 0.240893 0.431053 3.031389 3.783317 0.967340 0.269891 0.580686  
-0.705316 -1.635927 -2.317841 -0.386313 -0.883164 -2.607780 -1.006736 0.240893 0.431053 3.031389 3.783317 0.967340 0.269891 0.580686 -0.516142  
-1.635927 -2.317841 -0.386313 -0.883164 -2.607780 -1.006736 0.240893 0.431053 3.031389 3.783317 0.967340 0.269891 0.580686 -0.516142 1.049174  
-2.317841 -0.386313 -0.883164 -2.607780 -1.006736 0.240893 0.431053 3.031389 3.783317 0.967340 0.269891 0.580686 -0.516142 1.049174 3.177909  
-0.386313 -0.883164 -2.607780 -1.006736 0.240893 0.431053 3.031389 3.783317 0.967340 0.269891 0.580686 -0.516142 1.049174 3.177909 1.367328  
-0.883164 -2.607780 -1.006736 0.240893 0.431053 3.031389 3.783317 0.967340 0.269891 0.580686 -0.516142 1.049174 3.177909 1.367328 0.038123  
-2.607780 -1.006736 0.240893 0.431053 3.031389 3.783317 0.967340 0.269891 0.580686 -0.516142 1.049174 3.177909 1.367328 0.038123 0.386910  
-1.006736 0.240893 0.431053 3.031389 3.783317 0.967340 0.269891 0.580686 -0.516142 1.049174 3.177909 1.367328 0.038123 0.386910 -1.354394  
0.240893 0.431053 3.031389 3.783317 0.967340 0.269891 0.580686 -0.516142 1.049174 3.177909 1.367328 0.038123 0.386910 -1.354394 -1.816060  
0.431053 3.031389 3.783317 0.967340 0.269891 0.580686 -0.516142 1.049174 3.177909 1.367328 0.038123 0.386910 -1.354394 -1.816060 0.108185  
3.031389 3.783317 0.967340 0.269891 0.580686 -0.516142 1.049174 3.177909 1.367328 0.038123 0.386910 -1.354394 -1.816060 0.108185 -0.764801  
3.783317 0.967340 0.269891 0.580686 -0.516142 1.049174 3.177909 1.367328 0.038123 0.386910 -1.354394 -1.816060 0.108185 -0.764801 -1.970806  
0.967340 0.269891 0.580686 -0.516142 1.049174 3.177909 1.367328 0.038123 0.386910 -1.354394 -1.816060 0.108185 -0.764801 -1.970806 -0.098644  
0.269891 0.580686 -0.516142 1.049174 3.177909 1.367328 0.038123 0.386910 -1.354394 -1.816060 0.108185 -0.764801 -1.970806 -0.098644 0.526498  
0.580686 -0.516142 1.049174 3.177909 1.367328 0.038123 0.386910 -1.354394 -1.816060 0.108185 -0.764801 -1.970806 -0.098644 0.526498 0.576818  
-0.516142 1.049174 3.177909 1.367328 0.038123 0.386910 -1.354394 -1.816060 0.108185 -0.764801 -1.970806 -0.098644 0.526498 0.576818 2.966920  
1.049174 3.177909 1.367328 0.038123 0.386910 -1.354394 -1.816060 0.108185 -0.764801 -1.970806 -0.098644 0.526498 0.576818 2.966920 2.864431  
3.177909 1.367328 0.038123 0.386910 -1.354394 -1.816060 0.108185 -0.764801 -1.970806 -0.098644 0.526498 0.576818 2.966920 2.864431 0.215886  
1.367328 0.038123 0.386910 -1.354394 -1.816060 0.108185 -0.764801 -1.970806 -0.098644 0.526498 0.576818 2.966920 2.864431 0.215886 0.467296  
0.038123 0.386910 -1.354394 -1.816060 0.108185 -0.764801 -1.970806 -0.098644 0.526498 0.576818 2.966920 2.864431 0.215886 0.467296 1.157020  
0.386910 -1.354394 -1.816060 0.108185 -0.764801 -1.970806 -0.098644 0.526498 0.576818 2.966920 2.864431 0.215886 0.467296 1.157020 0.748490  
-1.354394 -1.816060 0.108185 -0.764801 -1.970806 -0.098644 0.526498 0.576818 2.966920 2.864431 0.215886 0.467296 1.157020 0.748490 3.088669  
-1.816060 0.108185 -0.764801 -1.970806 -0.098644 0.526498 0.576818 2.966920 2.864431 0.215886 0.467296 1.157020 0.748490 3.088669 4.670450  
0.108185 -0.764801 -1.970806 -0.098644 0.526498 0.576818 2.966920 2.864431 0.215886 0.467296 1.157020 0.748490 3.088669 4.670450 2.196879  
-0.764801 -1.970806 -0.098644 0.526498 0.576818 2.966920 2.864431 0.215886 0.467296 1.157020 0.748490 3.088669 4.670450 2.196879 0.878779  
-1.970806 -0.098644 0.526498 0.576818 2.966920 2.864431 0.215886 0.467296 1.157020 0.748490 3.088669 4.670450 2.196879 0.878779 0.707696  
-0.098644 0.526498 0.576818 2.966920 2.864431 0.215886 0.467296 1.157020 0.748490 3.088669 4.670450 2.196879 0.878779 0.707696 -1.352615  
0.526498 0.576818 2.966920 2.864431 0.215886 0.467296 1.157020 0.748490 3.088669 4.670450 2.196879 0.878779 0.707696 -1.352615 -1.199346  
0.576818 2.966920 2.864431 0.215886 0.467296 1.157020 0.748490 3.088669 4.670450 2.196879 0.878779 0.707696 -1.352615 -1.199346 0.724387  
2.966920 2.864431 0.215886 0.467296 1.157020 0.748490 3.088669 4.670450 2.196879 0.878779 0.707696 -1.352615 -1.199346 0.724387 -0.550835  
2.864431 0.215886 0.467296 1.157020 0.748490 3.088669 4.670450 2.196879 0.878779 0.707696 -1.352615 -1.199346 0.724387 -0.550835 -1.478996  
0.215886 0.467296 1.157020 0.748490 3.088669 4.670450 2.196879 0.878779 0.707696 -1.352615 -1.199346 0.724387 -0.550835 -1.478996 0.067346  
0.467296 1.157020 0.748490 3.088669 4.670450 2.196879 0.878779 0.707696 -1.352615 -1.199346 0.724387 -0.550835 -1.478996 0.067346 -0.305769  
1.157020 0.748490 3.088669 4.670450 2.196879 0.878779 0.707696 -1.352615 -1.199346 0.724387 -0.550835 -1.478996 0.067346 -0.305769 -0.505056  
0.748490 3.088669 4.670450 2.196879 0.878779 0.707696 -1.352615 -1.199346 0.724387 -0.550835 -1.478996 0.067346 -0.305769 -0.505056 1.547222  
3.088669 4.670450 2.196879 0.878779 0.707696 -1.352615 -1.199346 0.724387 -0.550835 -1.478996 0.067346 -0.305769 -0.505056 1.547222 0.767476  
4.670450 2.196879 0.878779 0.707696 -1.352615 -1.199346 0.724387 -0.550835 -1.478996 0.067346 -0.305769 -0.505056 1.547222 0.767476 -1.349461  
2.196879 0.878779 0.707696 -1.352615 -1.199346 0.724387 -0.550835 -1.478996 0.067346 -0.305769 -0.505056 1.547222 0.767476 -1.349461 -0.158987  
0.878779 0.707696 -1.352615 -1.199346 0.724387 -0.550835 -1.478996 0.067346 -0.305769 -0.505056 1.547222 0.767476 -1.349461 -0.158987 0.740846  
0.707696 -1.352615 -1.199346 0.724387 -0.550835 -1.478996 0.067346 -0.305769 -0.505056 1.547222 0.767476 -1.349461 -0.158987 0.740846 0.870576  
-1.352615 -1.199346 0.724387 -0.550835 -1.478996 0.067346 -0.305769 -0.505056 1.547222 0.767476 -1.349461 -0.158987 0.740846 0.870576 3.572351  
-1.199346 0.724387 -0.550835 -1.478996 0.067346 -0.305769 -0.505056 1.547222 0.767476 -1.349461 -0.158987 0.740846 0.870576 3.572351 4.323310  
0.724387 -0.550835 -1.478996 0.067346 -0.305769 -0.505056 1.547222 0.767476 -1.349461 -0.158987 0.740846 0.870576 3.572351 4.323310 1.408319  
-0.550835 -1.478996 0.067346 -0.305769 -0.505056 1.547222 0.767476 -1.349461 -0.158987 0.740846 0.870576 3.572351 4.323310 1.408319 0.411211  
-1.478996 0.067346 -0.305769 -0.505056 1.547222 0.767476 -1.349461 -0.158987 0.740846 0.870576 3.572351 4.323310 1.408319 0.411211 0.098143  
0.067346 -0.305769 -0.505056 1.547222 0.767476 -1.349461 -0.158987 0.740846 0.870576 3.572351 4.323310 1.408319 0.411211 0.098143 -1.675388  
-0.305769 -0.505056 1.547222 0.767476 -1.349461 -0.158987 0.740846 0.870576 3.572351 4.323310 1.408319 0.411211 0.098143 -1.675388 -0.608942  
-0.505056 1.547222 0.767476 -1.349461 -0.158987 0.740846 0.870576 3.572351 4.323310 1.408319 0.411211 0.098143 -1.675388 -0.608942 1.212932  
1.547222 0.767476 -1.349461 -0.158987 0.740846 0.870576 3.572351 4.323310 1.408319 0.411211 0.098143 -1.675388 -0.608942 1.212932 -0.530275  
0.767476 -1.349461 -0.158987 0.740846 0.870576 3.572351 4.323310 1.408319 0.411211 0.098143 -1.675388 -0.608942 1.212932 -0.530275 -1.402449  
-1.349461 -0.158987 0.740846 0.870576 3.572351 4.323310 1.408319 0.411211 0.098143 -1.675388 -0.608942 1.212932 -0.530275 -1.402449 -0.557706  
-0.158987 0.740846 0.870576 3.572351 4.323310 1.408319 0.411211 0.098143 -1.675388 -0.608942 1.212932 -0.530275 -1.402449 -0.557706 -1.922091  
0.740846 0.870576 3.572351 4.323310 1.408319 0.411211 0.098143 -1.675388 -0.608942 1.212932 -0.530275 -1.402449 -0.557706 -1.922091 -2.163349  
0.870576 3.572351 4.323310 1.408319 0.411211 0.098143 -1.675388 -0.608942 1.212932 -0.530275 -1.402449 -0.557706 -1.922091 -2.163349 -0.351936  
3.572351 4.323310 1.408319 0.411211 0.098143 -1.675388 -0.608942 1.212932 -0.530275 -1.402449 -0.557706 -1.922091 -2.163349 -0.351936 -1.534946  
4.323310 1.408319 0.411211 0.098143 -1.675388 -0.608942 1.212932 -0.530275 -1.402449 -0.557706 -1.922091 -2.163349 -0.351936 -1.534946 -2.914257  
1.408319 0.411211 0.098143 -1.675388 -0.608942 1.212932 -0.530275 -1.402449 -0.557706 -1.922091 -2.163349 -0.351936 -1.534946 -2.914257 -1.064214  
0.411211 0.098143 -1.675388 -0.608942 1.212932 -0.530275 -1.402449 -0.557706 -1.922091 -2.163349 -0.351936 -1.534946 -2.914257 -1.064214 -0.306181  
0.098143 -1.675388 -0.608942 1.212932 -0.530275 -1.402449 -0.557706 -1.922091 -2.163349 -0.351936 -1.534946 -2.914257 -1.064214 -0.306181 0.098584  
-1.675388 -0.608942 1.212932 -0.530275 -1.402449 -0.557706 -1.922091 -2.163349 -0.351936 -1.534946 -2.914257 -1.064214 -0.306181 0.098584 2.779951  
-0.608942 1.212932 -0.530275 -1.402449 -0.557706 -1.922091 -2.163349 -0.351936 -1.534946 -2.914257 -1.064214 -0.306181 0.098584 2.779951 2.653781  
1.212932 -0.530275 -1.402449 -0.557706 -1.922091 -2.163349 -0.351936 -1.534946 -2.914257 -1.064214 -0.306181 0.098584 2.779951 2.653781 -0.252861  
-0.530275 -1.402449 -0.557706 -1.922091 -2.163349 -0.351936 -1.534946 -2.914257 -1.064214 -0.306181 0.098584 2.779951 2.653781 -0.252861 -0.518919  
-1.402449 -0.557706 -1.922091 -2.163349 -0.351936 -1.534946 -2.914257 -1.064214 -0.306181 0.098584 2.779951 2.653781 -0.252861 -0.518919 -0.571896  
-0.557706 -1.922091 -2.163349 -0.351936 -1.534946 -2.914257 -1.064214 -0.306181 0.098584 2.779951 2.653781 -0.252861 -0.518919 -0.571896 -1.586333  
-1.922091 -2.163349 -0.351936 -1.534946 -2.914257 -1.064214 -0.306181 0.098584 2.779951 2.653781 -0.252861 -0.518919 -0.571896 -1.586333 0.442734  
-2.163349 -0.351936 -1.534946 -2.914257 -1.064214 -0.306181 0.098584 2.779951 2.653781 -0.252861 -0.518919 -0.571896 -1.586333 0.442734 1.941762  
-0.351936 -1.534946 -2.914257 -1.064214 -0.306181 0.098584 2.779951 2.653781 -0.252861 -0.518919 -0.571896 -1.586333 0.442734 1.941762 -0.296453  
-1.534946 -2.914257 -1.064214 -0.306181 0.098584 2.779951 2.653781 -0.252861 -0.518919 -0.571896 -1.586333 0.442734 1.941762 -0.296453 -1.184652  
-2.914257 -1.064214 -0.306181 0.098584 2.779951 2.653781 -0.252861 -0.518919 -0.571896 -1.586333 0.442734 1.941762 -0.296453 -1.184652 -1.083782  
-1.064214 -0.306181 0.098584 2.779951 2.653781 -0.252861 -0.518919 -0.571896 -1.586333 0.442734 1.941762 -0.296453 -1.184652 -1.083782 -3.057339  
-0.306181 0.098584 2.779951 2.653781 -0.252861 -0.518919 -0.571896 -1.586333 0.442734 1.941762 -0.296453 -1.184652 -1.083782 -3.057339 -2.936724  
0.098584 2.779951 2.653781 -0.252861 -0.518919 -0.571896 -1.586333 0.442734 1.941762 -0.296453 -1.184652 -1.083782 -3.057339 -2.936724 -1.213863  
2.779951 2.653781 -0.252861 -0.518919 -0.571896 -1.586333 0.442734 1.941762 -0.296453 -1.184652 -1.083782 -3.057339 -2.936724 -1.213863 -2.606443  
2.653781 -0.252861 -0.518919 -0.571896 -1.586333 0.442734 1.941762 -0.296453 -1.184652 -1.083782 -3.057339 -2.936724 -1.213863 -2.606443 -3.301219  
-0.252861 -0.518919 -0.571896 -1.586333 0.442734 1.941762 -0.296453 -1.184652 -1.083782 -3.057339 -2.936724 -1.213863 -2.606443 -3.301219 -1.299914  
-0.518919 -0.571896 -1.586333 0.442734 1.941762 -0.296453 -1.184652 -1.083782 -3.057339 -2.936724 -1.213863 -2.606443 -3.301219 -1.299914 -1.092731  
-0.571896 -1.586333 0.442734 1.941762 -0.296453 -1.184652 -1.083782 -3.057339 -2.936724 -1.213863 -2.606443 -3.301219 -1.299914 -1.092731 -0.651450  
-1.586333 0.442734 1.941762 -0.296453 -1.184652 -1.083782 -3.057339 -2.936724 -1.213863 -2.606443 -3.301219 -1.299914 -1.092731 -0.651450 1.756408  
0.442734 1.941762 -0.296453 -1.184652 -1.083782 -3.057339 -2.936724 -1.213863 -2.606443 -3.301219 -1.299914 -1.092731 -0.651450 1.756408 0.910098  
1.941762 -0.296453 -1.184652 -1.083782 -3.057339 -2.936724 -1.213863 -2.606443 -3.301219 -1.299914 -1.092731 -0.651450 1.756408 0.910098 -1.498607  
-0.296453 -1.184652 -1.083782 -3.057339 -2.936724 -1.213863 -2.606443 -3.301219 -1.299914 -1.092731 -0.651450 1.756408 0.910098 -1.498607 -0.778918  
-1.184652 -1.083782 -3.057339 -2.936724 -1.213863 -2.606443 -3.301219 -1.299914 -1.092731 -0.651450 1.756408 0.910098 -1.498607 -0.778918 -0.402867  
-1.083782 -3.057339 -2.936724 -1.213863 -2.606443 -3.301219 -1.299914 -1.092731 -0.651450 1.756408 0.910098 -1.498607 -0.778918 -0.402867 -0.519015  
-3.057339 -2.936724 -1.213863 -2.606443 -3.301219 -1.299914 -1.092731 -0.651450 1.756408 0.910098 -1.498607 -0.778918 -0.402867 -0.519015 2.210498  
-2.936724 -1.213863 -2.606443 -3.301219 -1.299914 -1.092731 -0.651450 1.756408 0.910098 -1.498607 -0.778918 -0.402867 -0.519015 2.210498 3.093735  
-1.213863 -2.606443 -3.301219 -1.299914 -1.092731 -0.651450 1.756408 0.910098 -1.498607 -0.778918 -0.402867 -0.519015 2.210498 3.093735 0.435549  
-2.606443 -3.301219 -1.299914 -1.092731 -0.651450 1.756408 0.910098 -1.498607 -0.778918 -0.402867 -0.519015 2.210498 3.093735 0.435549 -0.358690  
-3.301219 -1.299914 -1.092731 -0.651450 1.756408 0.910098 -1.498607 -0.778918 -0.402867 -0.519015 2.210498 3.093735 0.435549 -0.358690 -0.765637  
-1.299914 -1.092731 -0.651450 1.756408 0.910098 -1.498607 -0.778918 -0.402867 -0.519015 2.210498 3.093735 0.435549 -0.358690 -0.765637 -2.775100  
-1.092731 -0.651450 1.756408 0.910098 -1.498607 -0.778918 -0.402867 -0.519015 2.210498 3.093735 0.435549 -0.358690 -0.765637 -2.775100 -1.927807  
-0.651450 1.756408 0.910098 -1.498607 -0.778918 -0.402867 -0.519015 2.210498 3.093735 0.435549 -0.358690 -0.765637 -2.775100 -1.927807 -0.278815  
1.756408 0.910098 -1.498607 -0.778918 -0.402867 -0.519015 2.210498 3.093735 0.435549 -0.358690 -0.765637 -2.775100 -1.927807 -0.278815 -1.880594  
0.910098 -1.498607 -0.778918 -0.402867 -0.519015 2.210498 3.093735 0.435549 -0.358690 -0.765637 -2.775100 -1.927807 -0.278815 -1.880594 -2.182336  
-1.498607 -0.778918 -0.402867 -0.519015 2.210498 3.093735 0.435549 -0.358690 -0.765637 -2.775100 -1.927807 -0.278815 -1.880594 -2.182336 -0.615522  
-0.778918 -0.402867 -0.519015 2.210498 3.093735 0.435549 -0.358690 -0.765637 -2.775100 -1.927807 -0.278815 -1.880594 -2.182336 -0.615522 -1.254662  
-0.402867 -0.519015 2.210498 3.093735 0.435549 -0.358690 -0.765637 -2.775100 -1.927807 -0.278815 -1.880594 -2.182336 -0.615522 -1.254662 -0.879784  
-0.519015 2.210498 3.093735 0.435549 -0.358690 -0.765637 -2.775100 -1.927807 -0.278815 -1.880594 -2.182336 -0.615522 -1.254662 -0.879784 1.147020  
2.210498 3.093735 0.435549 -0.358690 -0.765637 -2.775100 -1.927807 -0.278815 -1.880594 -2.182336 -0.615522 -1.254662 -0.879784 1.147020 -0.181714  
3.093735 0.435549 -0.358690 -0.765637 -2.775100 -1.927807 -0.278815 -1.880594 -2.182336 -0.615522 -1.254662 -0.879784 1.147020 -0.181714 -1.778596  
0.435549 -0.358690 -0.765637 -2.775100 -1.927807 -0.278815 -1.880594 -2.182336 -0.615522 -1.254662 -0.879784 1.147020 -0.181714 -1.778596 -0.164937  
-0.358690 -0.765637 -2.775100 -1.927807 -0.278815 -1.880594 -2.182336 -0.615522 -1.254662 -0.879784 1.147020 -0.181714 -1.778596 -0.164937 0.458053  
-0.765637 -2.775100 -1.927807 -0.278815 -1.880594 -2.182336 -0.615522 -1.254662 -0.879784 1.147020 -0.181714 -1.778596 -0.164937 0.458053 1.026201  
-2.775100 -1.927807 -0.278815 -1.880594 -2.182336 -0.615522 -1.254662 -0.879784 1.147020 -0.181714 -1.778596 -0.164937 0.458053 1.026201 3.976931  
-1.927807 -0.278815 -1.880594 -2.182336 -0.615522 -1.254662 -0.879784 1.147020 -0.181714 -1.778596 -0.164937 0.458053 1.026201 3.976931 4.000683  
-0.278815 -1.880594 -2.182336 -0.615522 -1.254662 -0.879784 1.147020 -0.181714 -1.778596 -0.164937 0.458053 1.026201 3.976931 4.000683 1.144579  
-1.880594 -2.182336 -0.615522 -1.254662 -0.879784 1.147020 -0.181714 -1.778596 -0.164937 0.458053 1.026201 3.976931 4.000683 1.144579 0.688490  
-2.182336 -0.615522 -1.254662 -0.879784 1.147020 -0.181714 -1.778596 -0.164937 0.458053 1.026201 3.976931 4.000683 1.144579 0.688490 0.136493  
-0.615522 -1.254662 -0.879784 1.147020 -0.181714 -1.778596 -0.164937 0.458053 1.026201 3.976931 4.000683 1.144579 0.688490 0.136493 -1.374977  
-1.254662 -0.879784 1.147020 -0.181714 -1.778596 -0.164937 0.458053 1.026201 3.976931 4.000683 1.144579 0.688490 0.136493 -1.374977 0.335684  
-0.879784 1.147020 -0.181714 -1.778596 -0.164937 0.458053 1.026201 3.976931 4.000683 1.144579 0.688490 0.136493 -1.374977 0.335684 1.718786  
1.147020 -0.181714 -1.778596 -0.164937 0.458053 1.026201 3.976931 4.000683 1.144579 0.688490 0.136493 -1.374977 0.335684 1.718786 -0.235415  
-0.181714 -1.778596 -0.164937 0.458053 1.026201 3.976931 4.000683 1.144579 0.688490 0.136493 -1.374977 0.335684 1.718786 -0.235415 -0.501940  
-1.778596 -0.164937 0.458053 1.026201 3.976931 4.000683 1.144579 0.688490 0.136493 -1.374977 0.335684 1.718786 -0.235415 -0.501940 0.200268  
-0.164937 0.458053 1.026201 3.976931 4.000683 1.144579 0.688490 0.136493 -1.374977 0.335684 1.718786 -0.235415 -0.501940 0.200268 -1.298367  
0.458053 1.026201 3.976931 4.000683 1.144579 0.688490 0.136493 -1.374977 0.335684 1.718786 -0.235415 -0.501940 0.200268 -1.298367 -0.894217  
1.026201 3.976931 4.000683 1.144579 0.688490 0.136493 -1.374977 0.335684 1.718786 -0.235415 -0.501940 0.200268 -1.298367 -0.894217 0.759535  
3.976931 4.000683 1.144579 0.688490 0.136493 -1.374977 0.335684 1.718786 -0.235415 -0.501940 0.200268 -1.298367 -0.894217 0.759535 -0.846788  
4.000683 1.144579 0.688490 0.136493 -1.374977 0.335684 1.718786 -0.235415 -0.501940 0.200268 -1.298367 -0.894217 0.759535 -0.846788 -1.601039  
1.144579 0.688490 0.136493 -1.374977 0.335684 1.718786 -0.235415 -0.501940 0.200268 -1.298367 -0.894217 0.759535 -0.846788 -1.601039 0.469282  
0.688490 0.136493 -1.374977 0.335684 1.718786 -0.235415 -0.501940 0.200268 -1.298367 -0.894217 0.759535 -0.846788 -1.601039 0.469282 0.910842  
0.136493 -1.374977 0.335684 1.718786 -0.235415 -0.501940 0.200268 -1.298367 -0.894217 0.759535 -0.846788 -1.601039 0.469282 0.910842 1.776799  
-1.374977 0.335684 1.718786 -0.235415 -0.501940 0.200268 -1.298367 -0.894217 0.759535 -0.846788 -1.601039 0.469282 0.910842 1.776799 4.471242  
0.335684 1.718786 -0.235415 -0.501940 0.200268 -1.298367 -0.894217 0.759535 -0.846788 -1.601039 0.469282 0.910842 1.776799 4.471242 3.585061  
1.718786 -0.235415 -0.501940 0.200268 -1.298367 -0.894217 0.759535 -0.846788 -1.601039 0.469282 0.910842 1.776799 4.471242 3.585061 0.903434  
-0.235415 -0.501940 0.200268 -1.298367 -0.894217 0.759535 -0.846788 -1.601039 0.469282 0.910842 1.776799 4.471242 3.585061 0.903434 1.065268  
-0.501940 0.200268 -1.298367 -0.894217 0.759535 -0.846788 -1.601039 0.469282 0.910842 1.776799 4.471242 3.585061 0.903434 1.065268 0.693493  
0.200268 -1.298367 -0.894217 0.759535 -0.846788 -1.601039 0.469282 0.910842 1.776799 4.471242 3.585061 0.903434 1.065268 0.693493 0.011595  
-1.298367 -0.894217 0.759535 -0.846788 -1.601039 0.469282 0.910842 1.776799 4.471242 3.585061 0.903434 1.065268 0.693493 0.011595 2.449010  
-0.894217 0.759535 -0.846788 -1.601039 0.469282 0.910842 1.776799 4.471242 3.585061 0.903434 1.065268 0.693493 0.011595 2.449010 3.263164  
0.759535 -0.846788 -1.601039 0.469282 0.910842 1.776799 4.471242 3.585061 0.903434 1.065268 0.693493 0.011595 2.449010 3.263164 0.852203  
-0.846788 -1.601039 0.469282 0.910842 1.776799 4.471242 3.585061 0.903434 1.065268 0.693493 0.011595 2.449010 3.263164 0.852203 0.429740  
-1.601039 0.469282 0.910842 1.776799 4.471242 3.585061 0.903434 1.065268 0.693493 0.011595 2.449010 3.263164 0.852203 0.429740 0.192767  
0.469282 0.910842 1.776799 4.471242 3.585061 0.903434 1.065268 0.693493 0.011595 2.449010 3.263164 0.852203 0.429740 0.192767 -1.820778  
0.910842 1.776799 4.471242 3.585061 0.903434 1.065268 0.693493 0.011595 2.449010 3.263164 0.852203 0.429740 0.192767 -1.820778 -1.116233  
1.776799 4.471242 3.585061 0.903434 1.065268 0.693493 0.011595 2.449010 3.263164 0.852203 0.429740 0.192767 -1.820778 -1.116233 0.227577  
4.471242 3.585061 0.903434 1.065268 0.693493 0.011595 2.449010 3.263164 0.852203 0.429740 0.192767 -1.820778 -1.116233 0.227577 -1.540328  
3.585061 0.903434 1.065268 0.693493 0.011595 2.449010 3.263164 0.852203 0.429740 0.192767 -1.820778 -1.116233 0.227577 -1.540328 -1.664378  
0.903434 1.065268 0.693493 0.011595 2.449010 3.263164 0.852203 0.429740 0.192767 -1.820778 -1.116233 0.227577 -1.540328 -1.664378 0.261772  
1.065268 0.693493 0.011595 2.449010 3.263164 0.852203 0.429740 0.192767 -1.820778 -1.116233 0.227577 -1.540328 -1.664378 0.261772 0.100680  
0.693493 0.011595 2.449010 3.263164 0.852203 0.429740 0.192767 -1.820778 -1.116233 0.227577 -1.540328 -1.664378 0.261772 0.100680 0.964134  
0.011595 2.449010 3.263164 0.852203 0.429740 0.192767 -1.820778 -1.116233 0.227577 -1.540328 -1.664378 0.261772 0.100680 0.964134 3.132321  
2.449010 3.263164 0.852203 0.429740 0.192767 -1.820778 -1.116233 0.227577 -1.540328 -1.664378 0.261772 0.100680 0.964134 3.132321 1.540206  
3.263164 0.852203 0.429740 0.192767 -1.820778 -1.116233 0.227577 -1.540328 -1.664378 0.261772 0.100680 0.964134 3.132321 1.540206 -0.527310  
0.852203 0.429740 0.192767 -1.820778 -1.116233 0.227577 -1.540328 -1.664378 0.261772 0.100680 0.964134 3.132321 1.540206 -0.527310 0.431946  
0.429740 0.192767 -1.820778 -1.116233 0.227577 -1.540328 -1.664378 0.261772 0.100680 0.964134 3.132321 1.540206 -0.527310 0.431946 0.396859  
0.192767 -1.820778 -1.116233 0.227577 -1.540328 -1.664378 0.261772 0.100680 0.964134 3.132321 1.540206 -0.527310 0.431946 0.396859 0.613163  
-1.820778 -1.116233 0.227577 -1.540328 -1.664378 0.261772 0.100680 0.964134 3.132321 1.540206 -0.527310 0.431946 0.396859 0.613163 3.447151  
-1.116233 0.227577 -1.540328 -1.664378 0.261772 0.100680 0.964134 3.132321 1.540206 -0.527310 0.431946 0.396859 0.613163 3.447151 3.450518  
0.227577 -1.540328 -1.664378 0.261772 0.100680 0.964134 3.132321 1.540206 -0.527310 0.431946 0.396859 0.613163 3.447151 3.450518 0.690648  
-1.540328 -1.664378 0.261772 0.100680 0.964134 3.132321 1.540206 -0.527310 0.431946 0.396859 0.613163 3.447151 3.450518 0.690648 0.220183  
-1.664378 0.261772 0.100680 0.964134 3.132321 1.540206 -0.527310 0.431946 0.396859 0.613163 3.447151 3.450518 0.690648 0.220183 -0.645380  
0.261772 0.100680 0.964134 3.132321 1.540206 -0.527310 0.431946 0.396859 0.613163 3.447151 3.450518 0.690648 0.220183 -0.645380 -2.570011  
0.100680 0.964134 3.132321 1.540206 -0.527310 0.431946 0.396859 0.613163 3.447151 3.450518 0.690648 0.220183 -0.645380 -2.570011 -1.253493  
0.964134 3.132321 1.540206 -0.527310 0.431946 0.396859 0.613163 3.447151 3.450518 0.690648 0.220183 -0.645380 -2.570011 -1.253493 -0.190148  
3.132321 1.540206 -0.527310 0.431946 0.396859 0.613163 3.447151 3.450518 0.690648 0.220183 -0.645380 -2.570011 -1.253493 -0.190148 -2.099096  
1.540206 -0.527310 0.431946 0.396859 0.613163 3.447151 3.450518 0.690648 0.220183 -0.645380 -2.570011 -1.253493 -0.190148 -2.099096 -1.919434  
-0.527310 0.431946 0.396859 0.613163 3.447151 3.450518 0.690648 0.220183 -0.645380 -2.570011 -1.253493 -0.190148 -2.099096 -1.919434 -0.661386  
0.431946 0.396859 0.613163 3.447151 3.450518 0.690648 0.220183 -0.645380 -2.570011 -1.253493 -0.190148 -2.099096 -1.919434 -0.661386 -1.604374  
0.396859 0.613163 3.447151 3.450518 0.690648 0.220183 -0.645380 -2.570011 -1.253493 -0.190148 -2.099096 -1.919434 -0.661386 -1.604374 -0.794841  
0.613163 3.447151 3.450518 0.690648 0.220183 -0.645380 -2.570011 -1.253493 -0.190148 -2.099096 -1.919434 -0.661386 -1.604374 -0.794841 0.838574  
3.447151 3.450518 0.690648 0.220183 -0.645380 -2.570011 -1.253493 -0.190148 -2.099096 -1.919434 -0.661386 -1.604374 -0.794841 0.838574 -1.094550  
3.450518 0.690648 0.220183 -0.645380 -2.570011 -1.253493 -0.190148 -2.099096 -1.919434 -0.661386 -1.604374 -0.794841 0.838574 -1.094550 -2.215063  
0.690648 0.220183 -0.645380 -2.570011 -1.253493 -0.190148 -2.099096 -1.919434 -0.661386 -1.604374 -0.794841 0.838574 -1.094550 -2.215063 -0.521390  
0.220183 -0.645380 -2.570011 -1.253493 -0.190148 -2.099096 -1.919434 -0.661386 -1.604374 -0.794841 0.838574 -1.094550 -2.215063 -0.521390 -0.305447  
-0.645380 -2.570011 -1.253493 -0.190148 -2.099096 -1.919434 -0.661386 -1.604374 -0.794841 0.838574 -1.094550 -2.215063 -0.521390 -0.305447 0.638329  
-2.570011 -1.253493 -0.190148 -2.099096 -1.919434 -0.661386 -1.604374 -0.794841 0.838574 -1.094550 -2.215063 -0.521390 -0.305447 0.638329 3.469283  
-1.253493 -0.190148 -2.099096 -1.919434 -0.661386 -1.604374 -0.794841 0.838574 -1.094550 -2.215063 -0.521390 -0.305447 0.638329 3.469283 2.603065  
-0.190148 -2.099096 -1.919434 -0.661386 -1.604374 -0.794841 0.838574 -1.094550 -2.215063 -0.521390 -0.305447 0.638329 3.469283 2.603065 -0.155204  
-2.099096 -1.919434 -0.661386 -1.604374 -0.794841 0.838574 -1.094550 -2.215063 -0.521390 -0.305447 0.638329 3.469283 2.603065 -0.155204 -0.336539  
-1.919434 -0.661386 -1.604374 -0.794841 0.838574 -1.094550 -2.215063 -0.521390 -0.305447 0.638329 3.469283 2.603065 -0.155204 -0.336539 -1.318185  
-0.661386 -1.604374 -0.794841 0.838574 -1.094550 -2.215063 -0.521390 -0.305447 0.638329 3.469283 2.603065 -0.155204 -0.336539 -1.318185 -2.544844  
-1.604374 -0.794841 0.838574 -1.094550 -2.215063 -0.521390 -0.305447 0.638329 3.469283 2.603065 -0.155204 -0.336539 -1.318185 -2.544844 -0.463544  
-0.794841 0.838574 -1.094550 -2.215063 -0.521390 -0.305447 0.638329 3.469283 2.603065 -0.155204 -0.336539 -1.318185 -2.544844 -0.463544 0.231134  
0.838574 -1.094550 -2.215063 -0.521390 -0.305447 0.638329 3.469283 2.603065 -0.155204 -0.336539 -1.318185 -2.544844 -0.463544 0.231134 -1.866036  
-1.094550 -2.215063 -0.521390 -0.305447 0.638329 3.469283 2.603065 -0.155204 -0.336539 -1.318185 -2.544844 -0.463544 0.231134 -1.866036 -1.682566  
-2.215063 -0.521390 -0.305447 0.638329 3.469283 2.603065 -0.155204 -0.336539 -1.318185 -2.544844 -0.463544 0.231134 -1.866036 -1.682566 -1.365344  
-0.521390 -0.305447 0.638329 3.469283 2.603065 -0.155204 -0.336539 -1.318185 -2.544844 -0.463544 0.231134 -1.866036 -1.682566 -1.365344 -2.939453  
-0.305447 0.638329 3.469283 2.603065 -0.155204 -0.336539 -1.318185 -2.544844 -0.463544 0.231134 -1.866036 -1.682566 -1.365344 -2.939453 -2.008240  
0.638329 3.469283 2.603065 -0.155204 -0.336539 -1.318185 -2.544844 -0.463544 0.231134 -1.866036 -1.682566 -1.365344 -2.939453 -2.008240 -0.777417  
3.469283 2.603065 -0.155204 -0.336539 -1.318185 -2.544844 -0.463544 0.231134 -1.866036 -1.682566 -1.365344 -2.939453 -2.008240 -0.777417 -2.727820  
2.603065 -0.155204 -0.336539 -1.318185 -2.544844 -0.463544 0.231134 -1.866036 -1.682566 -1.365344 -2.939453 -2.008240 -0.777417 -2.727820 -2.855169  
-0.155204 -0.336539 -1.318185 -2.544844 -0.463544 0.231134 -1.866036 -1.682566 -1.365344 -2.939453 -2.008240 -0.777417 -2.727820 -2.855169 -0.802860  
-0.336539 -1.318185 -2.544844 -0.463544 0.231134 -1.866036 -1.682566 -1.365344 -2.939453 -2.008240 -0.777417 -2.727820 -2.855169 -0.802860 -0.641224  
-1.318185 -2.544844 -0.463544 0.231134 -1.866036 -1.682566 -1.365344 -2.939453 -2.008240 -0.777417 -2.727820 -2.855169 -0.802860 -0.641224 0.710861  
-2.544844 -0.463544 0.231134 -1.866036 -1.682566 -1.365344 -2.939453 -2.008240 -0.777417 -2.727820 -2.855169 -0.802860 -0.641224 0.710861 3.180111  
-0.463544 0.231134 -1.866036 -1.682566 -1.365344 -2.939453 -2.008240 -0.777417 -2.727820 -2.855169 -0.802860 -0.641224 0.710861 3.180111 1.581255  
0.231134 -1.866036 -1.682566 -1.365344 -2.939453 -2.008240 -0.777417 -2.727820 -2.855169 -0.802860 -0.641224 0.710861 3.180111 1.581255 -0.711902  
-1.866036 -1.682566 -1.365344 -2.939453 -2.008240 -0.777417 -2.727820 -2.855169 -0.802860 -0.641224 0.710861 3.180111 1.581255 -0.711902 -0.264403  
-1.682566 -1.365344 -2.939453 -2.008240 -0.777417 -2.727820 -2.855169 -0.802860 -0.641224 0.710861 3.180111 1.581255 -0.711902 -0.264403 -0.936145  
-1.365344 -2.939453 -2.008240 -0.777417 -2.727820 -2.855169 -0.802860 -0.641224 0.710861 3.180111 1.581255 -0.711902 -0.264403 -0.936145 -1.120850  
-2.939453 -2.008240 -0.777417 -2.727820 -2.855169 -0.802860 -0.641224 0.710861 3.180111 1.581255 -0.711902 -0.264403 -0.936145 -1.120850 1.578574  
-2.008240 -0.777417 -2.727820 -2.855169 -0.802860 -0.641224 0.710861 3.180111 1.581255 -0.711902 -0.264403 -0.936145 -1.120850 1.578574 1.690048  
-0.777417 -2.727820 -2.855169 -0.802860 -0.641224 0.710861 3.180111 1.581255 -0.711902 -0.264403 -0.936145 -1.120850 1.578574 1.690048 -0.640142  
-2.727820 -2.855169 -0.802860 -0.641224 0.710861 3.180111 1.581255 -0.711902 -0.264403 -0.936145 -1.120850 1.578574 1.690048 -0.640142 -0.614681  
-2.855169 -0.802860 -0.641224 0.710861 3.180111 1.581255 -0.711902 -0.264403 -0.936145 -1.120850 1.578574 1.690048 -0.640142 -0.614681 -1.200650  
-0.802860 -0.641224 0.710861 3.180111 1.581255 -0.711902 -0.264403 -0.936145 -1.120850 1.578574 1.690048 -0.640142 -0.614681 -1.200650 -2.994219  
-0.641224 0.710861 3.180111 1.581255 -0.711902 -0.264403 -0.936145 -1.120850 1.578574 1.690048 -0.640142 -0.614681 -1.200650 -2.994219 -1.693643  
0.710861 3.180111 1.581255 -0.711902 -0.264403 -0.936145 -1.120850 1.578574 1.690048 -0.640142 -0.614681 -1.200650 -2.994219 -1.693643 -0.776864  
3.180111 1.581255 -0.711902 -0.264403 -0.936145 -1.120850 1.578574 1.690048 -0.640142 -0.614681 -1.200650 -2.994219 -1.693643 -0.776864 -2.628351  
1.581255 -0.711902 -0.264403 -0.936145 -1.120850 1.578574 1.690048 -0.640142 -0.614681 -1.200650 -2.994219 -1.693643 -0.776864 -2.628351 -2.055712  
-0.711902 -0.264403 -0.936145 -1.120850 1.578574 1.690048 -0.640142 -0.614681 -1.200650 -2.994219 -1.693643 -0.776864 -2.628351 -2.055712 -0.246880  
-0.264403 -0.936145 -1.120850 1.578574 1.690048 -0.640142 -0.614681 -1.200650 -2.994219 -1.693643 -0.776864 -2.628351 -2.055712 -0.246880 -0.518193  
-0.936145 -1.120850 1.578574 1.690048 -0.640142 -0.614681 -1.200650 -2.994219 -1.693643 -0.776864 -2.628351 -2.055712 -0.246880 -0.518193 0.922411  
-1.120850 1.578574 1.690048 -0.640142 -0.614681 -1.200650 -2.994219 -1.693643 -0.776864 -2.628351 -2.055712 -0.246880 -0.518193 0.922411 2.795856  
1.578574 1.690048 -0.640142 -0.614681 -1.200650 -2.994219 -1.693643 -0.776864 -2.628351 -2.055712 -0.246880 -0.518193 0.922411 2.795856 0.730423  
1.690048 -0.640142 -0.614681 -1.200650 -2.994219 -1.693643 -0.776864 -2.628351 -2.055712 -0.246880 -0.518193 0.922411 2.795856 0.730423 -0.714389  
-0.640142 -0.614681 -1.200650 -2.994219 -1.693643 -0.776864 -2.628351 -2.055712 -0.246880 -0.518193 0.922411 2.795856 0.730423 -0.714389 0.476445  
-0.614681 -1.200650 -2.994219 -1.693643 -0.776864 -2.628351 -2.055712 -0.246880 -0.518193 0.922411 2.795856 0.730423 -0.714389 0.476445 0.243751  
-1.200650 -2.994219 -1.693643 -0.776864 -2.628351 -2.055712 -0.246880 -0.518193 0.922411 2.795856 0.730423 -0.714389 0.476445 0.243751 1.061194  
-2.994219 -1.693643 -0.776864 -2.628351 -2.055712 -0.246880 -0.518193 0.922411 2.795856 0.730423 -0.714389 0.476445 0.243751 1.061194 3.961478  
-1.693643 -0.776864 -2.628351 -2.055712 -0.246880 -0.518193 0.922411 2.795856 0.730423 -0.714389 0.476445 0.243751 1.061194 3.961478 3.259146  
-0.776864 -2.628351 -2.055712 -0.246880 -0.518193 0.922411 2.795856 0.730423 -0.714389 0.476445 0.243751 1.061194 3.961478 3.259146 0.761798  
-2.628351 -2.055712 -0.246880 -0.518193 0.922411 2.795856 0.730423 -0.714389 0.476445 0.243751 1.061194 3.961478 3.259146 0.761798 0.671867  
-2.055712 -0.246880 -0.518193 0.922411 2.795856 0.730423 -0.714389 0.476445 0.243751 1.061194 3.961478 3.259146 0.761798 0.671867 -0.510136  
-0.246880 -0.518193 0.922411 2.795856 0.730423 -0.714389 0.476445 0.243751 1.061194 3.961478 3.259146 0.761798 0.671867 -0.510136 -2.004057  
-0.518193 0.922411 2.795856 0.730423 -0.714389 0.476445 0.243751 1.061194 3.961478 3.259146 0.761798 0.671867 -0.510136 -2.004057 -0.178280  
0.922411 2.795856 0.730423 -0.714389 0.476445 0.243751 1.061194 3.961478 3.259146 0.761798 0.671867 -0.510136 -2.004057 -0.178280 0.365498  
2.795856 0.730423 -0.714389 0.476445 0.243751 1.061194 3.961478 3.259146 0.761798 0.671867 -0.510136 -2.004057 -0.178280 0.365498 -1.484524  
0.730423 -0.714389 0.476445 0.243751 1.061194 3.961478 3.259146 0.761798 0.671867 -0.510136 -2.004057 -0.178280 0.365498 -1.484524 -0.702330  
-0.714389 0.476445 0.243751 1.061194 3.961478 3.259146 0.761798 0.671867 -0.510136 -2.004057 -0.178280 0.365498 -1.484524 -0.702330 0.278486  
0.476445 0.243751 1.061194 3.961478 3.259146 0.761798 0.671867 -0.510136 -2.004057 -0.178280 0.365498 -1.484524 -0.702330 0.278486 -0.649205  
0.243751 1.061194 3.961478 3.259146 0.761798 0.671867 -0.510136 -2.004057 -0.178280 0.365498 -1.484524 -0.702330 0.278486 -0.649205 0.718089  
1.061194 3.961478 3.259146 0.761798 0.671867 -0.510136 -2.004057 -0.178280 0.365498 -1.484524 -0.702330 0.278486 -0.649205 0.718089 1.934700  
3.961478 3.259146 0.761798 0.671867 -0.510136 -2.004057 -0.178280 0.365498 -1.484524 -0.702330 0.278486 -0.649205 0.718089 1.934700 -0.291750  
3.259146 0.761798 0.671867 -0.510136 -2.004057 -0.178280 0.365498 -1.484524 -0.702330 0.278486 -0.649205 0.718089 1.934700 -0.291750 -0.727382  
0.761798 0.671867 -0.510136 -2.004057 -0.178280 0.365498 -1.484524 -0.702330 0.278486 -0.649205 0.718089 1.934700 -0.291750 -0.727382 1.004338  
0.671867 -0.510136 -2.004057 -0.178280 0.365498 -1.484524 -0.702330 0.278486 -0.649205 0.718089 1.934700 -0.291750 -0.727382 1.004338 1.030124  
-0.510136 -2.004057 -0.178280 0.365498 -1.484524 -0.702330 0.278486 -0.649205 0.718089 1.934700 -0.291750 -0.727382 1.004338 1.030124 2.522703  
-2.004057 -0.178280 0.365498 -1.484524 -0.702330 0.278486 -0.649205 0.718089 1.934700 -0.291750 -0.727382 1.004338 1.030124 2.522703 5.129197  
-0.178280 0.365498 -1.484524 -0.702330 0.278486 -0.649205 0.718089 1.934700 -0.291750 -0.727382 1.004338 1.030124 2.522703 5.129197 3.542920  
0.365498 -1.484524 -0.702330 0.278486 -0.649205 0.718089 1.934700 -0.291750 -0.727382 1.004338 1.030124 2.522703 5.129197 3.542920 1.141137  
-1.484524 -0.702330 0.278486 -0.649205 0.718089 1.934700 -0.291750 -0.727382 1.004338 1.030124 2.522703 5.129197 3.542920 1.141137 1.173653  
-0.702330 0.278486 -0.649205 0.718089 1.934700 -0.291750 -0.727382 1.004338 1.030124 2.522703 5.129197 3.542920 1.141137 1.173653 -0.144953  
0.278486 -0.649205 0.718089 1.934700 -0.291750 -0.727382 1.004338 1.030124 2.522703 5.129197 3.542920 1.141137 1.173653 -0.144953 -0.876809  
-0.649205 0.718089 1.934700 -0.291750 -0.727382 1.004338 1.030124 2.522703 5.129197 3.542920 1.141137 1.173653 -0.144953 -0.876809 1.451650  
0.718089 1.934700 -0.291750 -0.727382 1.004338 1.030124 2.522703 5.129197 3.542920 1.141137 1.173653 -0.144953 -0.876809 1.451650 1.449985  
1.934700 -0.291750 -0.727382 1.004338 1.030124 2.522703 5.129197 3.542920 1.141137 1.173653 -0.144953 -0.876809 1.451650 1.449985 -0.558807  
-0.291750 -0.727382 1.004338 1.030124 2.522703 5.129197 3.542920 1.141137 1.173653 -0.144953 -0.876809 1.451650 1.449985 -0.558807 0.007575  
-0.727382 1.004338 1.030124 2.522703 5.129197 3.542920 1.141137 1.173653 -0.144953 -0.876809 1.451650 1.449985 -0.558807 0.007575 -0.129363  
1.004338 1.030124 2.522703 5.129197 3.542920 1.141137 1.173653 -0.144953 -0.876809 1.451650 1.449985 -0.558807 0.007575 -0.129363 -1.599080  
1.030124 2.522703 5.129197 3.542920 1.141137 1.173653 -0.144953 -0.876809 1.451650 1.449985 -0.558807 0.007575 -0.129363 -1.599080 -0.230821  
2.522703 5.129197 3.542920 1.141137 1.173653 -0.144953 -0.876809 1.451650 1.449985 -0.558807 0.007575 -0.129363 -1.599080 -0.230821 0.422406  
5.129197 3.542920 1.141137 1.173653 -0.144953 -0.876809 1.451650 1.449985 -0.558807 0.007575 -0.129363 -1.599080 -0.230821 0.422406 -1.706869  
3.542920 1.141137 1.173653 -0.144953 -0.876809 1.451650 1.449985 -0.558807 0.007575 -0.129363 -1.599080 -0.230821 0.422406 -1.706869 -1.237220  
1.141137 1.173653 -0.144953 -0.876809 1.451650 1.449985 -0.558807 0.007575 -0.129363 -1.599080 -0.230821 0.422406 -1.706869 -1.237220 0.587376  
1.173653 -0.144953 -0.876809 1.451650 1.449985 -0.558807 0.007575 -0.129363 -1.599080 -0.230821 0.422406 -1.706869 -1.237220 0.587376 0.539937  
-0.144953 -0.876809 1.451650 1.449985 -0.558807 0.007575 -0.129363 -1.599080 -0.230821 0.422406 -1.706869 -1.237220 0.587376 0.539937 2.317385  
-0.876809 1.451650 1.449985 -0.558807 0.007575 -0.129363 -1.599080 -0.230821 0.422406 -1.706869 -1.237220 0.587376 0.539937 2.317385 4.283898  
1.451650 1.449985 -0.558807 0.007575 -0.129363 -1.599080 -0.230821 0.422406 -1.706869 -1.237220 0.587376 0.539937 2.317385 4.283898 2.014795  
1.449985 -0.558807 0.007575 -0.129363 -1.599080 -0.230821 0.422406 -1.706869 -1.237220 0.587376 0.539937 2.317385 4.283898 2.014795 0.140070  
-0.558807 0.007575 -0.129363 -1.599080 -0.230821 0.422406 -1.706869 -1.237220 0.587376 0.539937 2.317385 4.283898 2.014795 0.140070 0.608642  
0.007575 -0.129363 -1.599080 -0.230821 0.422406 -1.706869 -1.237220 0.587376 0.539937 2.317385 4.283898 2.014795 0.140070 0.608642 -0.410625  
-0.129363 -1.599080 -0.230821 0.422406 -1.706869 -1.237220 0.587376 0.539937 2.317385 4.283898 2.014795 0.140070 0.608642 -0.410625 -0.114225  
-1.599080 -0.230821 0.422406 -1.706869 -1.237220 0.587376 0.539937 2.317385 4.283898 2.014795 0.140070 0.608642 -0.410625 -0.114225 2.513111  
-0.230821 0.422406 -1.706869 -1.237220 0.587376 0.539937 2.317385 4.283898 2.014795 0.140070 0.608642 -0.410625 -0.114225 2.513111 1.796468  
0.422406 -1.706869 -1.237220 0.587376 0.539937 2.317385 4.283898 2.014795 0.140070 0.608642 -0.410625 -0.114225 2.513111 1.796468 -0.408663  
-1.706869 -1.237220 0.587376 0.539937 2.317385 4.283898 2.014795 0.140070 0.608642 -0.410625 -0.114225 2.513111 1.796468 -0.408663 -0.206397  
-1.237220 0.587376 0.539937 2.317385 4.283898 2.014795 0.140070 0.608642 -0.410625 -0.114225 2.513111 1.796468 -0.408663 -0.206397 -1.319702  
0.587376 0.539937 2.317385 4.283898 2.014795 0.140070 0.608642 -0.410625 -0.114225 2.513111 1.796468 -0.408663 -0.206397 -1.319702 -2.876474  
0.539937 2.317385 4.283898 2.014795 0.140070 0.608642 -0.410625 -0.114225 2.513111 1.796468 -0.408663 -0.206397 -1.319702 -2.876474 -1.272830  
2.317385 4.283898 2.014795 0.140070 0.608642 -0.410625 -0.114225 2.513111 1.796468 -0.408663 -0.206397 -1.319702 -2.876474 -1.272830 -1.039890  
4.283898 2.014795 0.140070 0.608642 -0.410625 -0.114225 2.513111 1.796468 -0.408663 -0.206397 -1.319702 -2.876474 -1.272830 -1.039890 -2.940041  
2.014795 0.140070 0.608642 -0.410625 -0.114225 2.513111 1.796468 -0.408663 -0.206397 -1.319702 -2.876474 -1.272830 -1.039890 -2.940041 -1.891428  
0.140070 0.608642 -0.410625 -0.114225 2.513111 1.796468 -0.408663 -0.206397 -1.319702 -2.876474 -1.272830 -1.039890 -2.940041 -1.891428 -0.501803  
0.608642 -0.410625 -0.114225 2.513111 1.796468 -0.408663 -0.206397 -1.319702 -2.876474 -1.272830 -1.039890 -2.940041 -1.891428 -0.501803 -0.899230  
-0.410625 -0.114225 2.513111 1.796468 -0.408663 -0.206397 -1.319702 -2.876474 -1.272830 -1.039890 -2.940041 -1.891428 -0.501803 -0.899230 0.902552  
-0.114225 2.513111 1.796468 -0.408663 -0.206397 -1.319702 -2.876474 -1.272830 -1.039890 -2.940041 -1.891428 -0.501803 -0.899230 0.902552 2.137155  
2.513111 1.796468 -0.408663 -0.206397 -1.319702 -2.876474 -1.272830 -1.039890 -2.940041 -1.891428 -0.501803 -0.899230 0.902552 2.137155 -0.400022  
1.796468 -0.408663 -0.206397 -1.319702 -2.876474 -1.272830 -1.039890 -2.940041 -1.891428 -0.501803 -0.899230 0.902552 2.137155 -0.400022 -1.323457  
-0.408663 -0.206397 -1.319702 -2.876474 -1.272830 -1.039890 -2.940041 -1.891428 -0.501803 -0.899230 0.902552 2.137155 -0.400022 -1.323457 -0.235975  
-0.206397 -1.319702 -2.876474 -1.272830 -1.039890 -2.940041 -1.891428 -0.501803 -0.899230 0.902552 2.137155 -0.400022 -1.323457 -0.235975 -0.730817  
-1.319702 -2.876474 -1.272830 -1.039890 -2.940041 -1.891428 -0.501803 -0.899230 0.902552 2.137155 -0.400022 -1.323457 -0.235975 -0.730817 0.575629  
-2.876474 -1.272830 -1.039890 -2.940041 -1.891428 -0.501803 -0.899230 0.902552 2.137155 -0.400022 -1.323457 -0.235975 -0.730817 0.575629 3.165861  
-1.272830 -1.039890 -2.940041 -1.891428 -0.501803 -0.899230 0.902552 2.137155 -0.400022 -1.323457 -0.235975 -0.730817 0.575629 3.165861 1.673407  
-1.039890 -2.940041 -1.891428 -0.501803 -0.899230 0.902552 2.137155 -0.400022 -1.323457 -0.235975 -0.730817 0.575629 3.165861 1.673407 -0.554391  
-2.940041 -1.891428 -0.501803 -0.899230 0.902552 2.137155 -0.400022 -1.323457 -0.235975 -0.730817 0.575629 3.165861 1.673407 -0.554391 -0.557144  
-1.891428 -0.501803 -0.899230 0.902552 2.137155 -0.400022 -1.323457 -0.235975 -0.730817 0.575629 3.165861 1.673407 -0.554391 -0.557144 -2.167735  
-0.501803 -0.899230 0.902552 2.137155 -0.400022 -1.323457 -0.235975 -0.730817 0.575629 3.165861 1.673407 -0.554391 -0.557144 -2.167735 -3.216653  
-0.899230 0.902552 2.137155 -0.400022 -1.323457 -0.235975 -0.730817 0.575629 3.165861 1.673407 -0.554391 -0.557144 -2.167735 -3.216653 -1.183969  
0.902552 2.137155 -0.400022 -1.323457 -0.235975 -0.730817 0.575629 3.165861 1.673407 -0.554391 -0.557144 -2.167735 -3.216653 -1.183969 -1.320675  
2.137155 -0.400022 -1.323457 -0.235975 -0.730817 0.575629 3.165861 1.673407 -0.554391 -0.557144 -2.167735 -3.216653 -1.183969 -1.320675 -3.027559  
-0.400022 -1.323457 -0.235975 -0.730817 0.575629 3.165861 1.673407 -0.554391 -0.557144 -2.167735 -3.216653 -1.183969 -1.320675 -3.027559 -1.846792  
-1.323457 -0.235975 -0.730817 0.575629 3.165861 1.673407 -0.554391 -0.557144 -2.167735 -3.216653 -1.183969 -1.320675 -3.027559 -1.846792 -1.321558  
-0.235975 -0.730817 0.575629 3.165861 1.673407 -0.554391 -0.557144 -2.167735 -3.216653 -1.183969 -1.320675 -3.027559 -1.846792 -1.321558 -2.148692  
-0.730817 0.575629 3.165861 1.673407 -0.554391 -0.557144 -2.167735 -3.216653 -1.183969 -1.320675 -3.027559 -1.846792 -1.321558 -2.148692 -0.391749  
0.575629 3.165861 1.673407 -0.554391 -0.557144 -2.167735 -3.216653 -1.183969 -1.320675 -3.027559 -1.846792 -1.321558 -2.148692 -0.391749 0.210464  
3.165861 1.673407 -0.554391 -0.557144 -2.167735 -3.216653 -1.183969 -1.320675 -3.027559 -1.846792 -1.321558 -2.148692 -0.391749 0.210464 -2.166455  
1.673407 -0.554391 -0.557144 -2.167735 -3.216653 -1.183969 -1.320675 -3.027559 -1.846792 -1.321558 -2.148692 -0.391749 0.210464 -2.166455 -1.957851  
-0.554391 -0.557144 -2.167735 -3.216653 -1.183969 -1.320675 -3.027559 -1.846792 -1.321558 -2.148692 -0.391749 0.210464 -2.166455 -1.957851 -0.380678  
-0.557144 -2.167735 -3.216653 -1.183969 -1.320675 -3.027559 -1.846792 -1.321558 -2.148692 -0.391749 0.210464 -2.166455 -1.957851 -0.380678 -0.440014  
-2.167735 -3.216653 -1.183969 -1.320675 -3.027559 -1.846792 -1.321558 -2.148692 -0.391749 0.210464 -2.166455 -1.957851 -0.380678 -0.440014 1.581222  
-3.216653 -1.183969 -1.320675 -3.027559 -1.846792 -1.321558 -2.148692 -0.391749 0.210464 -2.166455 -1.957851 -0.380678 -0.440014 1.581222 3.752815  
-1.183969 -1.320675 -3.027559 -1.846792 -1.321558 -2.148692 -0.391749 0.210464 -2.166455 -1.957851 -0.380678 -0.440014 1.581222 3.752815 1.580172  
-1.320675 -3.027559 -1.846792 -1.321558 -2.148692 -0.391749 0.210464 -2.166455 -1.957851 -0.380678 -0.440014 1.581222 3.752815 1.580172 -0.333107  
-3.027559 -1.846792 -1.321558 -2.148692 -0.391749 0.210464 -2.166455 -1.957851 -0.380678 -0.440014 1.581222 3.752815 1.580172 -0.333107 -0.221372  
-1.846792 -1.321558 -2.148692 -0.391749 0.210464 -2.166455 -1.957851 -0.380678 -0.440014 1.581222 3.752815 1.580172 -0.333107 -0.221372 -1.766993  
-1.321558 -2.148692 -0.391749 0.210464 -2.166455 -1.957851 -0.380678 -0.440014 1.581222 3.752815 1.580172 -0.333107 -0.221372 -1.766993 -1.855071  
-2.148692 -0.391749 0.210464 -2.166455 -1.957851 -0.380678 -0.440014 1.581222 3.752815 1.580172 -0.333107 -0.221372 -1.766993 -1.855071 0.569591  
-0.391749 0.210464 -2.166455 -1.957851 -0.380678 -0.440014 1.581222 3.752815 1.580172 -0.333107 -0.221372 -1.766993 -1.855071 0.569591 -0.049069  
0.210464 -2.166455 -1.957851 -0.380678 -0.440014 1.581222 3.752815 1.580172 -0.333107 -0.221372 -1.766993 -1.855071 0.569591 -0.049069 -1.718628  
-2.166455 -1.957851 -0.380678 -0.440014 1.581222 3.752815 1.580172 -0.333107 -0.221372 -1.766993 -1.855071 0.569591 -0.049069 -1.718628 -0.821733  
-1.957851 -0.380678 -0.440014 1.581222 3.752815 1.580172 -0.333107 -0.221372 -1.766993 -1.855071 0.569591 -0.049069 -1.718628 -0.821733 -1.347367  
-0.380678 -0.440014 1.581222 3.752815 1.580172 -0.333107 -0.221372 -1.766993 -1.855071 0.569591 -0.049069 -1.718628 -0.821733 -1.347367 -2.443574  
-0.440014 1.581222 3.752815 1.580172 -0.333107 -0.221372 -1.766993 -1.855071 0.569591 -0.049069 -1.718628 -0.821733 -1.347367 -2.443574 -0.665731  
1.581222 3.752815 1.580172 -0.333107 -0.221372 -1.766993 -1.855071 0.569591 -0.049069 -1.718628 -0.821733 -1.347367 -2.443574 -0.665731 -0.555455  
3.752815 1.580172 -0.333107 -0.221372 -1.766993 -1.855071 0.569591 -0.049069 -1.718628 -0.821733 -1.347367 -2.443574 -0.665731 -0.555455 -2.531971  
1.580172 -0.333107 -0.221372 -1.766993 -1.855071 0.569591 -0.049069 -1.718628 -0.821733 -1.347367 -2.443574 -0.665731 -0.555455 -2.531971 -1.388726  
-0.333107 -0.221372 -1.766993 -1.855071 0.569591 -0.049069 -1.718628 -0.821733 -1.347367 -2.443574 -0.665731 -0.555455 -2.531971 -1.388726 0.218996  
-0.221372 -1.766993 -1.855071 0.569591 -0.049069 -1.718628 -0.821733 -1.347367 -2.443574 -0.665731 -0.555455 -2.531971 -1.388726 0.218996 0.260468  
-1.766993 -1.855071 0.569591 -0.049069 -1.718628 -0.821733 -1.347367 -2.443574 -0.665731 -0.555455 -2.531971 -1.388726 0.218996 0.260468 2.557390  
-1.855071 0.569591 -0.049069 -1.718628 -0.821733 -1.347367 -2.443574 -0.665731 -0.555455 -2.531971 -1.388726 0.218996 0.260468 2.557390 4.003622  
0.569591 -0.049069 -1.718628 -0.821733 -1.347367 -2.443574 -0.665731 -0.555455 -2.531971 -1.388726 0.218996 0.260468 2.557390 4.003622 1.399911  
-0.049069 -1.718628 -0.821733 -1.347367 -2.443574 -0.665731 -0.555455 -2.531971 -1.388726 0.218996 0.260468 2.557390 4.003622 1.399911 0.172291  
-1.718628 -0.821733 -1.347367 -2.443574 -0.665731 -0.555455 -2.531971 -1.388726 0.218996 0.260468 2.557390 4.003622 1.399911 0.172291 0.669151  
-0.821733 -1.347367 -2.443574 -0.665731 -0.555455 -2.531971 -1.388726 0.218996 0.260468 2.557390 4.003622 1.399911 0.172291 0.669151 -0.415974  
-1.347367 -2.443574 -0.665731 -0.555455 -2.531971 -1.388726 0.218996 0.260468 2.557390 4.003622 1.399911 0.172291 0.669151 -0.415974 0.581557  
-2.443574 -0.665731 -0.555455 -2.531971 -1.388726 0.218996 0.260468 2.557390 4.003622 1.399911 0.172291 0.669151 -0.415974 0.581557 3.092718  
-0.665731 -0.555455 -2.531971 -1.388726 0.218996 0.260468 2.557390 4.003622 1.399911 0.172291 0.669151 -0.415974 0.581557 3.092718 1.795092  
-0.555455 -2.531971 -1.388726 0.218996 0.260468 2.557390 4.003622 1.399911 0.172291 0.669151 -0.415974 0.581557 3.092718 1.795092 0.035758  
-2.531971 -1.388726 0.218996 0.260468 2.557390 4.003622 1.399911 0.172291 0.669151 -0.415974 0.581557 3.092718 1.795092 0.035758 0.432589  
-1.388726 0.218996 0.260468 2.557390 4.003622 1.399911 0.172291 0.669151 -0.415974 0.581557 3.092718 1.795092 0.035758 0.432589 -1.004518  
0.218996 0.260468 2.557390 4.003622 1.399911 0.172291 0.669151 -0.415974 0.581557 3.092718 1.795092 0.035758 0.432589 -1.004518 -2.008605  
0.260468 2.557390 4.003622 1.399911 0.172291 0.669151 -0.415974 0.581557 3.092718 1.795092 0.035758 0.432589 -1.004518 -2.008605 -0.108897  
2.557390 4.003622 1.399911 0.172291 0.669151 -0.415974 0.581557 3.092718 1.795092 0.035758 0.432589 -1.004518 -2.008605 -0.108897 -0.424712  
4.003622 1.399911 0.172291 0.669151 -0.415974 0.581557 3.092718 1.795092 0.035758 0.432589 -1.004518 -2.008605 -0.108897 -0.424712 -2.015309  
1.399911 0.172291 0.669151 -0.415974 0.581557 3.092718 1.795092 0.035758 0.432589 -1.004518 -2.008605 -0.108897 -0.424712 -2.015309 -0.440439  
0.172291 0.669151 -0.415974 0.581557 3.092718 1.795092 0.035758 0.432589 -1.004518 -2.008605 -0.108897 -0.424712 -2.015309 -0.440439 0.600046  
0.669151 -0.415974 0.581557 3.092718 1.795092 0.035758 0.432589 -1.004518 -2.008605 -0.108897 -0.424712 -2.015309 -0.440439 0.600046 0.388899  
-0.415974 0.581557 3.092718 1.795092 0.035758 0.432589 -1.004518 -2.008605 -0.108897 -0.424712 -2.015309 -0.440439 0.600046 0.388899 2.591373  
0.581557 3.092718 1.795092 0.035758 0.432589 -1.004518 -2.008605 -0.108897 -0.424712 -2.015309 -0.440439 0.600046 0.388899 2.591373 3.196471  
3.092718 1.795092 0.035758 0.432589 -1.004518 -2.008605 -0.108897 -0.424712 -2.015309 -0.440439 0.600046 0.388899 2.591373 3.196471 0.521992  
1.795092 0.035758 0.432589 -1.004518 -2.008605 -0.108897 -0.424712 -2.015309 -0.440439 0.600046 0.388899 2.591373 3.196471 0.521992 0.247803  
0.035758 0.432589 -1.004518 -2.008605 -0.108897 -0.424712 -2.015309 -0.440439 0.600046 0.388899 2.591373 3.196471 0.521992 0.247803 1.200390  
0.432589 -1.004518 -2.008605 -0.108897 -0.424712 -2.015309 -0.440439 0.600046 0.388899 2.591373 3.196471 0.521992 0.247803 1.200390 0.689349  
-1.004518 -2.008605 -0.108897 -0.424712 -2.015309 -0.440439 0.600046 0.388899 2.591373 3.196471 0.521992 0.247803 1.200390 0.689349 2.573140  
-2.008605 -0.108897 -0.424712 -2.015309 -0.440439 0.600046 0.388899 2.591373 3.196471 0.521992 0.247803 1.200390 0.689349 2.573140 4.737602  
-0.108897 -0.424712 -2.015309 -0.440439 0.600046 0.388899 2.591373 3.196471 0.521992 0.247803 1.200390 0.689349 2.573140 4.737602 2.665684  
-0.424712 -2.015309 -0.440439 0.600046 0.388899 2.591373 3.196471 0.521992 0.247803 1.200390 0.689349 2.573140 4.737602 2.665684 0.886240  
-2.015309 -0.440439 0.600046 0.388899 2.591373 3.196471 0.521992 0.247803 1.200390 0.689349 2.573140 4.737602 2.665684 0.886240 0.871490  
-0.440439 0.600046 0.388899 2.591373 3.196471 0.521992 0.247803 1.200390 0.689349 2.573140 4.737602 2.665684 0.886240 0.871490 -1.032495  
0.600046 0.388899 2.591373 3.196471 0.521992 0.247803 1.200390 0.689349 2.573140 4.737602 2.665684 0.886240 0.871490 -1.032495 -1.490614  
0.388899 2.591373 3.196471 0.521992 0.247803 1.200390 0.689349 2.573140 4.737602 2.665684 0.886240 0.871490 -1.032495 -1.490614 0.578325  
2.591373 3.196471 0.521992 0.247803 1.200390 0.689349 2.573140 4.737602 2.665684 0.886240 0.871490 -1.032495 -1.490614 0.578325 -0.193018  
3.196471 0.521992 0.247803 1.200390 0.689349 2.573140 4.737602 2.665684 0.886240 0.871490 -1.032495 -1.490614 0.578325 -0.193018 -1.573672  
0.521992 0.247803 1.200390 0.689349 2.573140 4.737602 2.665684 0.886240 0.871490 -1.032495 -1.490614 0.578325 -0.193018 -1.573672 -0.138269  
0.247803 1.200390 0.689349 2.573140 4.737602 2.665684 0.886240 0.871490 -1.032495 -1.490614 0.578325 -0.193018 -1.573672 -0.138269 -0.105610  
1.200390 0.689349 2.573140 4.737602 2.665684 0.886240 0.871490 -1.032495 -1.490614 0.578325 -0.193018 -1.573672 -0.138269 -0.105610 -0.691534  
0.689349 2.573140 4.737602 2.665684 0.886240 0.871490 -1.032495 -1.490614 0.578325 -0.193018 -1.573672 -0.138269 -0.105610 -0.691534 1.281173  
2.573140 4.737602 2.665684 0.886240 0.871490 -1.032495 -1.490614 0.578325 -0.193018 -1.573672 -0.138269 -0.105610 -0.691534 1.281173 1.154675  
4.737602 2.665684 0.886240 0.871490 -1.032495 -1.490614 0.578325 -0.193018 -1.573672 -0.138269 -0.105610 -0.691534 1.281173 1.154675 -1.210826  
2.665684 0.886240 0.871490 -1.032495 -1.490614 0.578325 -0.193018 -1.573672 -0.138269 -0.105610 -0.691534 1.281173 1.154675 -1.210826 -0.474159  
0.886240 0.871490 -1.032495 -1.490614 0.578325 -0.193018 -1.573672 -0.138269 -0.105610 -0.691534 1.281173 1.154675 -1.210826 -0.474159 0.758966  
0.871490 -1.032495 -1.490614 0.578325 -0.193018 -1.573672 -0.138269 -0.105610 -0.691534 1.281173 1.154675 -1.210826 -0.474159 0.758966 0.690076  
-1.032495 -1.490614 0.578325 -0.193018 -1.573672 -0.138269 -0.105610 -0.691534 1.281173 1.154675 -1.210826 -0.474159 0.758966 0.690076 3.085603  
-1.490614 0.578325 -0.193018 -1.573672 -0.138269 -0.105610 -0.691534 1.281173 1.154675 -1.210826 -0.474159 0.758966 0.690076 3.085603 4.551821  
0.578325 -0.193018 -1.573672 -0.138269 -0.105610 -0.691534 1.281173 1.154675 -1.210826 -0.474159 0.758966 0.690076 3.085603 4.551821 1.863950  
-0.193018 -1.573672 -0.138269 -0.105610 -0.691534 1.281173 1.154675 -1.210826 -0.474159 0.758966 0.690076 3.085603 4.551821 1.863950 0.384259  
-1.573672 -0.138269 -0.105610 -0.691534 1.281173 1.154675 -1.210826 -0.474159 0.758966 0.690076 3.085603 4.551821 1.863950 0.384259 0.299825  
-0.138269 -0.105610 -0.691534 1.281173 1.154675 -1.210826 -0.474159 0.758966 0.690076 3.085603 4.551821 1.863950 0.384259 0.299825 -1.477950  
-0.105610 -0.691534 1.281173 1.154675 -1.210826 -0.474159 0.758966 0.690076 3.085603 4.551821 1.863950 0.384259 0.299825 -1.477950 -1.008658  
-0.691534 1.281173 1.154675 -1.210826 -0.474159 0.758966 0.690076 3.085603 4.551821 1.863950 0.384259 0.299825 -1.477950 -1.008658 1.157999  
1.281173 1.154675 -1.210826 -0.474159 0.758966 0.690076 3.085603 4.551821 1.863950 0.384259 0.299825 -1.477950 -1.008658 1.157999 -0.145168  
1.154675 -1.210826 -0.474159 0.758966 0.690076 3.085603 4.551821 1.863950 0.384259 0.299825 -1.477950 -1.008658 1.157999 -0.145168 -1.489791  
-1.210826 -0.474159 0.758966 0.690076 3.085603 4.551821 1.863950 0.384259 0.299825 -1.477950 -1.008658 1.157999 -0.145168 -1.489791 -0.582720  
-0.474159 0.758966 0.690076 3.085603 4.551821 1.863950 0.384259 0.299825 -1.477950 -1.008658 1.157999 -0.145168 -1.489791 -0.582720 -1.625225  
0.758966 0.690076 3.085603 4.551821 1.863950 0.384259 0.299825 -1.477950 -1.008658 1.157999 -0.145168 -1.489791 -0.582720 -1.625225 -2.372330  
0.690076 3.085603 4.551821 1.863950 0.384259 0.299825 -1.477950 -1.008658 1.157999 -0.145168 -1.489791 -0.582720 -1.625225 -2.372330 -0.528358  
3.085603 4.551821 1.863950 0.384259 0.299825 -1.477950 -1.008658 1.157999 -0.145168 -1.489791 -0.582720 -1.625225 -2.372330 -0.528358 -1.148876  
4.551821 1.863950 0.384259 0.299825 -1.477950 -1.008658 1.157999 -0.145168 -1.489791 -0.582720 -1.625225 -2.372330 -0.528358 -1.148876 -2.944148  
1.863950 0.384259 0.299825 -1.477950 -1.008658 1.157999 -0.145168 -1.489791 -0.582720 -1.625225 -2.372330 -0.528358 -1.148876 -2.944148 -1.409656  
0.384259 0.299825 -1.477950 -1.008658 1.157999 -0.145168 -1.489791 -0.582720 -1.625225 -2.372330 -0.528358 -1.148876 -2.944148 -1.409656 -0.270097  
0.299825 -1.477950 -1.008658 1.157999 -0.145168 -1.489791 -0.582720 -1.625225 -2.372330 -0.528358 -1.148876 -2.944148 -1.409656 -0.270097 -0.152627  
-1.477950 -1.008658 1.157999 -0.145168 -1.489791 -0.582720 -1.625225 -2.372330 -0.528358 -1.148876 -2.944148 -1.409656 -0.270097 -0.152627 2.377841  
-1.008658 1.157999 -0.145168 -1.489791 -0.582720 -1.625225 -2.372330 -0.528358 -1.148876 -2.944148 -1.409656 -0.270097 -0.152627 2.377841 3.008281  
1.157999 -0.145168 -1.489791 -0.582720 -1.625225 -2.372330 -0.528358 -1.148876 -2.944148 -1.409656 -0.270097 -0.152627 2.377841 3.008281 0.108486  
-0.145168 -1.489791 -0.582720 -1.625225 -2.372330 -0.528358 -1.148876 -2.944148 -1.409656 -0.270097 -0.152627 2.377841 3.008281 0.108486 -0.635106  
-1.489791 -0.582720 -1.625225 -2.372330 -0.528358 -1.148876 -2.944148 -1.409656 -0.270097 -0.152627 2.377841 3.008281 0.108486 -0.635106 -0.409102  
-0.582720 -1.625225 -2.372330 -0.528358 -1.148876 -2.944148 -1.409656 -0.270097 -0.152627 2.377841 3.008281 0.108486 -0.635106 -0.409102 -1.570145  
-1.625225 -2.372330 -0.528358 -1.148876 -2.944148 -1.409656 -0.270097 -0.152627 2.377841 3.008281 0.108486 -0.635106 -0.409102 -1.570145 -0.038702  
-2.372330 -0.528358 -1.148876 -2.944148 -1.409656 -0.270097 -0.152627 2.377841 3.008281 0.108486 -0.635106 -0.409102 -1.570145 -0.038702 2.003721  
-0.528358 -1.148876 -2.944148 -1.409656 -0.270097 -0.152627 2.377841 3.008281 0.108486 -0.635106 -0.409102 -1.570145 -0.038702 2.003721 0.112995  
-1.148876 -2.944148 -1.409656 -0.270097 -0.152627 2.377841 3.008281 0.108486 -0.635106 -0.409102 -1.570145 -0.038702 2.003721 0.112995 -1.242126  
-2.944148 -1.409656 -0.270097 -0.152627 2.377841 3.008281 0.108486 -0.635106 -0.409102 -1.570145 -0.038702 2.003721 0.112995 -1.242126 -0.947108  
-1.409656 -0.270097 -0.152627 2.377841 3.008281 0.108486 -0.635106 -0.409102 -1.570145 -0.038702 2.003721 0.112995 -1.242126 -0.947108 -2.744231  
-0.270097 -0.152627 2.377841 3.008281 0.108486 -0.635106 -0.409102 -1.570145 -0.038702 2.003721 0.112995 -1.242126 -0.947108 -2.744231 -3.210973  
-0.152627 2.377841 3.008281 0.108486 -0.635106 -0.409102 -1.570145 -0.038702 2.003721 0.112995 -1.242126 -0.947108 -2.744231 -3.210973 -1.322766  
2.377841 3.008281 0.108486 -0.635106 -0.409102 -1.570145 -0.038702 2.003721 0.112995 -1.242126 -0.947108 -2.744231 -3.210973 -1.322766 -2.251584  
3.008281 0.108486 -0.635106 -0.409102 -1.570145 -0.038702 2.003721 0.112995 -1.242126 -0.947108 -2.744231 -3.210973 -1.322766 -2.251584 -3.453857  
0.108486 -0.635106 -0.409102 -1.570145 -0.038702 2.003721 0.112995 -1.242126 -0.947108 -2.744231 -3.210973 -1.322766 -2.251584 -3.453857 -1.585768  
-0.635106 -0.409102 -1.570145 -0.038702 2.003721 0.112995 -1.242126 -0.947108 -2.744231 -3.210973 -1.322766 -2.251584 -3.453857 -1.585768 -0.994254  
-0.409102 -1.570145 -0.038702 2.003721 0.112995 -1.242126 -0.947108 -2.744231 -3.210973 -1.322766 -2.251584 -3.453857 -1.585768 -0.994254 -0.931139  
-1.570145 -0.038702 2.003721 0.112995 -1.242126 -0.947108 -2.744231 -3.210973 -1.322766 -2.251584 -3.453857 -1.585768 -0.994254 -0.931139 1.464870  
-0.038702 2.003721 0.112995 -1.242126 -0.947108 -2.744231 -3.210973 -1.322766 -2.251584 -3.453857 -1.585768 -0.994254 -0.931139 1.464870 1.327868  
2.003721 0.112995 -1.242126 -0.947108 -2.744231 -3.210973 -1.322766 -2.251584 -3.453857 -1.585768 -0.994254 -0.931139 1.464870 1.327868 -1.302557  
0.112995 -1.242126 -0.947108 -2.744231 -3.210973 -1.322766 -2.251584 -3.453857 -1.585768 -0.994254 -0.931139 1.464870 1.327868 -1.302557 -1.007771  
-1.242126 -0.947108 -2.744231 -3.210973 -1.322766 -2.251584 -3.453857 -1.585768 -0.994254 -0.931139 1.464870 1.327868 -1.302557 -1.007771 -0.312925  
-0.947108 -2.744231 -3.210973 -1.322766 -2.251584 -3.453857 -1.585768 -0.994254 -0.931139 1.464870 1.327868 -1.302557 -1.007771 -0.312925 -0.684321  
-2.744231 -3.210973 -1.322766 -2.251584 -3.453857 -1.585768 -0.994254 -0.931139 1.464870 1.327868 -1.302557 -1.007771 -0.312925 -0.684321 1.710642  
-3.210973 -1.322766 -2.251584 -3.453857 -1.585768 -0.994254 -0.931139 1.464870 1.327868 -1.302557 -1.007771 -0.312925 -0.684321 1.710642 3.293506  
-1.322766 -2.251584 -3.453857 -1.585768 -0.994254 -0.931139 1.464870 1.327868 -1.302557 -1.007771 -0.312925 -0.684321 1.710642 3.293506 0.844982  
-2.251584 -3.453857 -1.585768 -0.994254 -0.931139 1.464870 1.327868 -1.302557 -1.007771 -0.312925 -0.684321 1.710642 3.293506 0.844982 -0.400126  
-3.453857 -1.585768 -0.994254 -0.931139 1.464870 1.327868 -1.302557 -1.007771 -0.312925 -0.684321 1.710642 3.293506 0.844982 -0.400126 -0.531902  
-1.585768 -0.994254 -0.931139 1.464870 1.327868 -1.302557 -1.007771 -0.312925 -0.684321 1.710642 3.293506 0.844982 -0.400126 -0.531902 -2.540751  
-0.994254 -0.931139 1.464870 1.327868 -1.302557 -1.007771 -0.312925 -0.684321 1.710642 3.293506 0.844982 -0.400126 -0.531902 -2.540751 -2.292882  
-0.931139 1.464870 1.327868 -1.302557 -1.007771 -0.312925 -0.684321 1.710642 3.293506 0.844982 -0.400126 -0.531902 -2.540751 -2.292882 -0.318219  
1.464870 1.327868 -1.302557 -1.007771 -0.312925 -0.684321 1.710642 3.293506 0.844982 -0.400126 -0.531902 -2.540751 -2.292882 -0.318219 -1.550130  
1.327868 -1.302557 -1.007771 -0.312925 -0.684321 1.710642 3.293506 0.844982 -0.400126 -0.531902 -2.540751 -2.292882 -0.318219 -1.550130 -2.378904  
-1.302557 -1.007771 -0.312925 -0.684321 1.710642 3.293506 0.844982 -0.400126 -0.531902 -2.540751 -2.292882 -0.318219 -1.550130 -2.378904 -0.756206  
-1.007771 -0.312925 -0.684321 1.710642 3.293506 0.844982 -0.400126 -0.531902 -2.540751 -2.292882 -0.318219 -1.550130 -2.378904 -0.756206 -1.072246  
-0.312925 -0.684321 1.710642 3.293506 0.844982 -0.400126 -0.531902 -2.540751 -2.292882 -0.318219 -1.550130 -2.378904 -0.756206 -1.072246 -1.166639  
-0.684321 1.710642 3.293506 0.844982 -0.400126 -0.531902 -2.540751 -2.292882 -0.318219 -1.550130 -2.378904 -0.756206 -1.072246 -1.166639 0.967891  
1.710642 3.293506 0.844982 -0.400126 -0.531902 -2.540751 -2.292882 -0.318219 -1.550130 -2.378904 -0.756206 -1.072246 -1.166639 0.967891 0.237822  
3.293506 0.844982 -0.400126 -0.531902 -2.540751 -2.292882 -0.318219 -1.550130 -2.378904 -0.756206 -1.072246 -1.166639 0.967891 0.237822 -1.773346  
0.844982 -0.400126 -0.531902 -2.540751 -2.292882 -0.318219 -1.550130 -2.378904 -0.756206 -1.072246 -1.166639 0.967891 0.237822 -1.773346 -0.472742  
