auto ****** 1Input file for x movement : OPT/rand_movx
Input file for y movement : OPT/movy.txt
Images size               : 50 50
Maximum absolute error : 0.100000   
Automatic setting of initial temperature 
Gain factor tzero  : 2.000000   
Gain update tzero  : 1.500000   
Fraction old tzero : 0.400000   
Number of iterations   : 150 
Maximum number of subsystems: 10 
Temperature decrease   : exponential 
Correction mode: non-conditioned 

------------------------------------------------
Initial number of equations: 2500
------------------------------------------------

Initial temperature: 18.388374

1 1 1 1 1 1 1 1 1 0 1 1 1 1 0 0 1 1 1 0 1 0 1 1 0 1 0 1 0 1 1 0 1 1 1 1 1 1 1 1 1 1 1 1 1 1 0 1 1 1 
1 1 1 1 1 1 0 1 0 1 1 0 0 1 1 0 0 1 1 1 1 1 0 0 1 0 1 1 0 1 1 1 1 1 1 1 0 1 1 0 1 1 1 1 0 1 1 0 1 1 
1 1 0 1 1 1 0 0 1 0 0 0 1 0 1 1 1 1 1 0 1 1 1 1 0 0 0 1 1 1 0 1 1 1 1 1 1 0 1 1 1 1 1 1 1 1 1 1 1 1 
1 1 0 1 1 1 1 0 1 1 1 1 1 1 1 1 0 0 1 1 1 0 1 1 1 0 1 1 1 1 0 1 1 1 1 1 1 1 1 1 1 1 1 1 1 1 1 0 1 0 
1 1 1 0 1 0 1 1 1 1 1 0 1 1 0 0 0 0 0 0 0 0 0 0 0 0 1 1 1 1 1 1 1 1 1 1 1 1 1 0 1 1 0 1 1 1 0 1 0 1 
1 0 1 1 1 0 0 1 1 1 0 1 0 1 0 0 0 0 0 0 0 0 0 0 0 1 0 1 1 1 0 1 1 0 1 0 1 1 0 1 1 0 1 1 1 1 1 1 1 1 
0 1 1 0 1 1 1 0 1 0 0 1 0 0 0 0 0 0 0 0 0 0 0 0 0 0 1 1 0 0 0 1 1 1 1 1 1 1 1 1 1 0 1 1 0 1 1 0 1 0 
1 1 1 1 1 0 1 1 1 0 1 1 1 1 0 0 0 0 0 0 0 0 0 0 0 1 1 1 1 1 1 1 1 1 1 1 0 1 1 1 1 1 1 1 0 1 0 1 0 0 
1 1 0 0 1 1 1 1 1 1 1 1 1 1 0 0 0 0 0 0 0 0 0 0 0 0 1 1 1 1 1 0 1 0 1 0 1 1 1 0 1 1 1 1 1 1 1 1 1 0 
0 1 1 0 1 0 0 1 1 1 1 0 0 1 0 0 0 0 0 0 0 0 0 0 0 0 1 1 0 1 1 1 1 1 1 1 1 1 1 1 1 1 0 1 0 1 1 1 1 1 
0 1 1 0 1 1 0 1 1 0 0 0 1 1 0 0 0 0 0 0 0 0 0 0 0 1 1 1 0 1 1 1 1 1 1 1 1 0 1 0 1 0 1 1 0 1 1 1 1 1 
1 0 0 1 1 1 1 1 0 1 1 1 1 1 1 0 0 0 0 0 0 0 0 0 0 1 1 1 1 1 1 1 1 1 0 1 0 1 1 1 1 1 0 1 0 1 0 0 1 1 
1 1 0 1 1 1 0 1 1 1 0 0 1 1 1 1 0 0 0 0 0 0 0 0 0 1 1 0 0 1 1 0 1 0 1 0 0 1 0 1 1 1 1 0 1 1 1 1 1 1 
0 0 1 0 1 1 0 1 1 1 1 1 1 1 1 1 1 0 0 0 0 0 0 0 0 1 1 1 1 1 0 1 1 1 1 1 0 1 1 1 1 1 1 1 0 0 1 0 1 0 
0 0 0 0 1 1 1 0 0 1 1 1 1 1 1 1 1 1 0 0 0 0 0 0 0 1 0 1 1 1 0 1 0 0 1 1 1 1 1 1 1 1 0 1 1 1 1 1 1 1 
1 1 1 1 1 1 1 1 1 0 1 1 0 1 1 1 1 0 1 0 1 1 0 1 0 1 1 1 1 0 1 1 0 1 1 1 0 1 1 1 0 1 1 1 1 1 1 1 1 1 
1 1 1 1 1 1 1 0 1 0 1 1 0 1 1 1 0 1 1 1 1 0 0 1 1 1 0 1 1 0 1 1 1 0 1 1 1 1 0 1 1 0 1 1 0 0 1 1 1 0 
1 1 1 1 1 1 1 1 1 1 1 1 1 1 1 1 1 0 1 1 1 1 1 1 0 1 1 0 1 1 1 1 1 1 1 1 1 0 1 1 0 1 1 1 0 0 1 1 0 1 
1 1 1 1 1 1 1 0 0 1 1 1 1 1 1 0 1 1 1 1 0 1 0 0 0 1 1 0 1 1 1 0 0 1 1 1 0 1 1 1 1 1 0 1 1 0 1 1 1 0 
1 1 1 1 1 1 1 1 1 0 0 1 1 1 1 1 0 0 1 1 1 1 1 0 1 0 1 1 1 1 1 1 0 1 0 1 1 0 1 0 0 1 1 1 1 1 0 1 0 1 
1 1 1 1 1 1 1 1 1 1 1 1 1 1 1 1 1 1 0 1 1 1 0 1 1 1 1 1 1 1 1 1 1 0 1 1 1 0 1 0 1 0 1 1 0 1 1 0 0 0 
1 1 0 1 1 1 1 1 1 1 1 1 0 1 1 0 1 1 0 1 1 1 1 1 1 1 1 1 1 0 1 1 0 1 1 0 0 1 1 0 0 1 1 0 0 1 0 1 1 1 
1 1 1 1 1 1 0 1 1 0 1 1 1 0 1 1 1 1 1 1 1 1 1 0 1 1 1 1 1 0 1 1 1 0 1 1 1 0 1 1 0 1 0 1 1 0 1 1 1 1 
1 1 1 1 1 1 1 1 1 1 0 1 0 1 1 1 1 0 1 1 0 0 1 1 1 1 1 1 1 1 1 0 1 0 1 1 1 1 1 1 1 0 0 0 1 1 1 1 1 1 
1 1 1 1 1 1 1 1 1 1 1 1 1 1 1 1 1 1 1 0 1 1 0 1 1 1 1 0 1 0 0 0 1 0 1 1 1 1 0 1 1 1 1 0 0 1 1 1 1 1 
1 1 0 1 1 1 1 0 1 1 1 1 1 0 0 0 1 1 1 1 0 1 1 1 1 1 1 1 1 1 0 1 0 1 0 1 0 1 0 1 0 1 1 1 1 0 1 1 1 1 
1 1 1 1 1 1 1 0 1 1 1 0 1 1 1 0 0 1 1 1 0 1 1 1 0 1 1 1 1 1 1 1 1 0 1 1 1 1 1 1 0 0 1 1 1 1 1 1 1 1 
1 1 1 1 1 1 1 1 0 1 0 1 0 1 1 1 1 1 1 1 1 1 1 1 0 1 1 1 0 1 0 1 0 1 1 1 1 1 0 1 1 1 1 1 1 1 1 1 1 1 
1 0 1 1 1 1 1 1 0 1 1 1 0 1 1 1 1 1 1 1 1 1 1 1 0 1 1 0 1 0 1 0 0 0 0 1 1 0 1 1 1 1 0 1 1 0 1 1 1 1 
1 1 1 1 1 1 1 1 1 1 0 0 1 1 1 0 0 1 0 1 0 1 1 1 1 0 0 0 1 1 1 1 1 1 0 1 1 0 0 1 1 1 1 0 0 0 1 1 1 1 
1 0 1 1 1 1 1 1 1 1 1 0 1 1 1 0 1 1 1 1 1 1 1 1 0 1 0 1 0 1 1 0 0 0 1 1 1 1 1 1 0 1 1 1 0 1 1 1 0 0 
0 1 1 1 1 1 1 1 1 1 1 0 1 1 1 0 1 0 0 1 0 1 0 0 1 0 1 1 0 1 0 1 1 1 0 0 1 1 0 1 1 1 1 1 1 1 1 1 1 0 
1 1 1 1 1 1 1 1 0 0 1 1 1 1 1 1 1 1 1 0 1 1 1 0 0 1 1 1 1 1 1 1 1 1 1 1 1 0 1 0 1 1 1 1 1 1 0 1 1 1 
0 1 1 1 1 1 1 1 1 1 1 1 1 1 1 1 1 1 1 0 1 1 1 1 1 0 1 1 1 1 0 1 1 1 1 1 1 1 1 1 0 1 0 0 1 1 0 1 1 0 
1 1 1 1 1 1 1 1 1 0 1 0 1 0 1 1 1 1 0 1 0 1 1 1 0 1 1 1 1 1 0 1 1 1 1 1 1 1 1 1 1 1 1 1 1 1 0 1 0 1 
0 1 1 1 1 1 1 1 1 1 1 1 1 1 1 0 0 0 1 1 1 1 1 1 1 1 1 1 1 1 1 1 0 1 1 1 0 0 1 1 1 1 1 1 0 1 0 1 1 1 
1 1 1 1 1 1 1 1 1 1 1 1 1 1 0 1 0 1 0 1 1 1 0 0 1 1 0 0 1 1 0 0 1 1 1 1 1 1 1 0 1 1 1 1 1 1 1 0 0 1 
1 1 1 1 1 1 1 1 1 0 0 1 1 1 1 1 1 1 1 1 1 0 1 1 1 1 1 1 0 1 0 1 1 1 0 1 0 1 1 0 1 1 1 1 1 0 0 1 0 1 
1 1 1 1 1 1 1 1 1 0 1 1 1 1 1 0 1 1 1 1 1 1 1 1 1 1 1 1 1 1 0 1 1 0 1 1 1 0 1 1 0 0 0 0 1 1 1 1 0 1 
1 1 1 1 1 1 1 1 1 1 1 1 1 0 0 0 1 1 1 1 1 1 1 1 1 1 1 1 1 1 0 1 1 0 1 1 1 1 1 1 0 1 0 1 1 0 0 1 1 0 
0 1 1 1 1 1 1 1 1 0 1 0 1 1 1 1 1 0 1 0 1 0 1 0 1 1 0 1 1 1 0 1 0 1 1 1 0 1 1 0 0 1 1 1 1 0 1 1 1 1 
1 1 1 1 1 1 1 1 1 1 0 1 0 1 1 1 1 0 1 1 1 0 1 1 1 0 1 1 1 1 1 0 1 1 1 1 1 1 1 0 1 1 0 1 1 0 1 1 0 1 
1 1 1 1 1 1 1 1 1 1 1 1 1 1 1 1 1 1 1 1 1 1 1 1 1 0 0 0 1 0 1 1 0 1 1 0 1 1 0 1 1 1 1 1 0 0 1 1 1 1 
1 1 1 1 1 1 1 1 1 1 1 1 0 1 1 0 1 1 1 1 1 1 1 0 1 0 1 1 1 0 1 1 1 1 0 1 1 0 1 1 1 0 0 0 1 0 1 1 1 0 
1 1 1 1 1 1 1 1 1 1 1 1 0 1 1 1 0 0 1 1 1 1 1 1 1 1 1 1 1 1 1 1 1 1 0 1 1 1 1 1 1 0 1 1 1 1 1 1 1 1 
1 1 1 1 1 1 1 1 1 1 1 1 0 1 1 1 1 0 0 1 1 1 1 0 1 1 1 1 1 0 1 1 1 1 1 1 1 1 1 1 1 1 1 1 1 0 1 1 1 1 
0 1 1 1 1 1 1 1 1 1 1 1 0 1 1 1 1 1 0 1 1 1 1 0 1 0 0 1 0 1 1 1 1 0 0 1 1 1 1 0 1 0 1 1 1 1 0 1 0 0 
1 1 1 1 1 1 1 1 1 1 1 1 0 1 0 0 0 1 1 1 1 0 0 1 1 1 1 1 1 1 0 0 1 1 1 1 1 1 1 1 1 0 1 0 1 1 1 1 1 1 
1 1 1 1 1 1 1 1 1 1 0 1 1 1 1 1 1 1 0 1 1 1 1 1 1 1 1 0 0 1 0 0 1 1 1 1 0 1 1 1 1 1 1 0 1 1 1 1 1 1 
1 1 1 1 1 1 1 1 1 1 0 1 0 0 1 1 1 1 1 1 0 1 1 0 1 1 1 1 1 1 1 1 0 1 1 0 0 1 0 0 1 1 0 1 0 1 1 1 1 0 

Nb:1    Size:1854 / -279817888 Cycles:   0 / 150  Eq.left:646
Initial temperature: 11.976123

1 1 1 1 1 1 1 1 1 2 1 1 1 1 2 2 1 1 1 2 1 2 1 1 2 1 2 1 2 1 1 2 1 1 1 1 1 1 1 1 1 1 1 1 1 1 2 1 1 1 
1 1 1 1 1 1 2 1 2 1 1 2 2 1 1 0 2 1 1 1 1 1 2 2 1 2 1 1 2 1 1 1 1 1 1 1 2 1 1 2 1 1 1 1 2 1 1 2 1 1 
1 1 2 1 1 1 2 0 1 2 2 2 1 0 1 1 1 1 1 2 1 1 1 1 2 2 2 1 1 1 2 1 1 1 1 1 1 2 1 1 1 1 1 1 1 1 1 1 1 1 
1 1 2 1 1 1 1 2 1 1 1 1 1 1 1 1 2 2 1 1 1 2 1 1 1 2 1 1 1 1 2 1 1 1 1 1 1 1 1 1 1 1 1 1 1 1 1 2 1 2 
1 1 1 2 1 2 1 1 1 1 1 2 1 1 0 0 0 0 0 0 0 0 0 0 0 2 1 1 1 1 1 1 1 1 1 1 1 1 1 2 1 1 2 1 1 1 2 1 2 1 
1 2 1 1 1 2 2 1 1 1 2 1 2 1 0 0 0 0 0 0 0 0 0 0 0 1 2 1 1 1 2 1 1 2 1 2 1 1 2 1 1 2 1 1 1 1 1 1 1 1 
2 1 1 2 1 1 1 2 1 2 2 1 2 2 0 0 0 0 0 0 0 0 0 0 0 2 1 1 2 2 2 1 1 1 1 1 1 1 1 1 1 2 1 1 2 1 1 2 1 2 
1 1 1 1 1 2 1 1 1 2 1 1 1 1 0 0 0 0 0 0 0 0 0 0 0 1 1 1 1 1 1 1 1 1 1 1 2 1 1 1 1 1 1 1 2 1 2 1 2 2 
1 1 2 0 1 1 1 1 1 1 1 1 1 1 0 0 0 0 0 0 0 0 0 0 0 2 1 1 1 1 1 2 1 2 1 2 1 1 1 2 1 1 1 1 1 1 1 1 1 2 
2 1 1 2 1 2 2 1 1 1 1 2 2 1 0 0 0 0 0 0 0 0 0 0 0 2 1 1 2 1 1 1 1 1 1 1 1 1 1 1 1 1 2 1 2 1 1 1 1 1 
2 1 1 2 1 1 2 1 1 2 2 2 1 1 0 0 0 0 0 0 0 0 0 0 0 1 1 1 2 1 1 1 1 1 1 1 1 2 1 2 1 2 1 1 2 1 1 1 1 1 
1 0 2 1 1 1 1 1 2 1 1 1 1 1 1 0 0 0 0 0 0 0 0 0 0 1 1 1 1 1 1 1 1 1 2 1 2 1 1 1 1 1 2 1 2 1 2 2 1 1 
1 1 2 1 1 1 2 1 1 1 2 2 1 1 1 1 0 0 0 0 0 0 0 0 0 1 1 2 2 1 1 2 1 2 1 2 2 1 2 1 1 1 1 2 1 1 1 1 1 1 
2 2 1 2 1 1 2 1 1 1 1 1 1 1 1 1 1 0 0 0 0 0 0 0 0 1 1 1 1 1 2 1 1 1 1 1 2 1 1 1 1 1 1 1 2 2 1 2 1 2 
2 2 2 2 1 1 1 2 2 1 1 1 1 1 1 1 1 1 0 0 0 0 0 0 0 1 2 1 1 1 2 1 2 2 1 1 1 1 1 1 1 1 2 1 1 1 1 1 1 1 
1 1 1 1 1 1 1 1 1 2 1 1 2 1 1 1 1 2 1 2 1 1 2 1 2 1 1 1 1 2 1 1 2 1 1 1 2 1 1 1 2 1 1 1 1 1 1 1 1 1 
1 1 1 1 1 1 1 2 1 2 1 1 2 1 1 1 2 1 1 1 1 2 2 1 1 1 2 1 1 2 1 1 1 2 1 1 1 1 2 1 1 2 1 1 2 2 1 1 1 2 
1 1 1 1 1 1 1 1 1 1 1 1 1 1 1 1 1 2 1 1 1 1 1 1 2 1 1 2 1 1 1 1 1 1 1 1 1 2 1 1 2 1 1 1 2 2 1 1 2 1 
1 1 1 1 1 1 1 2 2 1 1 1 1 1 1 2 1 1 1 1 2 1 2 2 2 1 1 2 1 1 1 2 2 1 1 1 2 1 1 1 1 1 2 1 1 2 1 1 1 2 
1 1 1 1 1 1 1 1 1 2 2 1 1 1 1 1 2 2 1 1 1 1 1 2 1 2 1 1 1 1 1 1 2 1 2 1 1 2 1 2 2 1 1 1 1 1 2 1 2 1 
1 1 1 1 1 1 1 1 1 1 1 1 1 1 1 1 1 1 2 1 1 1 2 1 1 1 1 1 1 1 1 1 1 2 1 1 1 2 1 2 1 2 1 1 2 1 1 2 2 2 
1 1 2 1 1 1 1 1 1 1 1 1 2 1 1 2 1 1 2 1 1 1 1 1 1 1 1 1 1 2 1 1 2 1 1 2 2 1 1 2 2 1 1 2 2 1 2 1 1 1 
1 1 1 1 1 1 2 1 1 2 1 1 1 2 1 1 1 1 1 1 1 1 1 2 1 1 1 1 1 2 1 1 1 2 1 1 1 2 1 1 2 1 2 1 1 2 1 1 1 1 
1 1 1 1 1 1 1 1 1 1 2 1 2 1 1 1 1 2 1 1 2 2 1 1 1 1 1 1 1 1 1 2 1 2 1 1 1 1 1 1 1 2 2 2 1 1 1 1 1 1 
1 1 1 1 1 1 1 1 1 1 1 1 1 1 1 1 1 1 1 2 1 1 2 1 1 1 1 2 1 2 2 2 1 2 1 1 1 1 2 1 1 1 1 2 2 1 1 1 1 1 
1 1 2 1 1 1 1 2 1 1 1 1 1 2 2 2 1 1 1 1 2 1 1 1 1 1 1 1 1 1 2 1 2 1 2 1 2 1 2 1 2 1 1 1 1 2 1 1 1 1 
1 1 1 1 1 1 1 2 1 1 1 2 1 1 1 2 2 1 1 1 2 1 1 1 2 1 1 1 1 1 1 1 1 2 1 1 1 1 1 1 2 2 1 1 1 1 1 1 1 1 
1 1 1 1 1 1 1 1 2 1 2 1 2 1 1 1 1 1 1 1 1 1 1 1 2 1 1 1 2 1 2 1 2 1 1 1 1 1 2 1 1 1 1 1 1 1 1 1 1 1 
1 2 1 1 1 1 1 1 2 1 1 1 2 1 1 1 1 1 1 1 1 1 1 1 2 1 1 2 1 2 1 2 2 2 2 1 1 2 1 1 1 1 2 1 1 2 1 1 1 1 
1 1 1 1 1 1 1 1 1 1 2 2 1 1 1 2 2 1 2 1 2 1 1 1 1 2 2 2 1 1 1 1 1 1 2 1 1 2 2 1 1 1 1 2 2 2 1 1 1 1 
1 2 1 1 1 1 1 1 1 1 1 2 1 1 1 2 1 1 1 1 1 1 1 1 2 1 2 1 2 1 1 2 2 2 1 1 1 1 1 1 2 1 1 1 2 1 1 1 2 2 
2 1 1 1 1 1 1 1 1 1 1 2 1 1 1 2 1 2 2 1 2 1 2 2 1 2 1 1 2 1 2 1 1 1 2 2 1 1 2 1 1 1 1 1 1 1 1 1 1 2 
1 1 1 1 1 1 1 1 2 2 1 1 1 1 1 1 1 1 1 2 1 1 1 2 2 1 1 1 1 1 1 1 1 1 1 1 1 2 1 2 1 1 1 1 1 1 2 1 1 1 
2 1 1 1 1 1 1 1 1 1 1 1 1 1 1 1 1 1 1 2 1 1 1 1 1 2 1 1 1 1 2 1 1 1 1 1 1 1 1 1 2 1 2 2 1 1 2 1 1 2 
1 1 1 1 1 1 1 1 1 2 1 2 1 2 1 1 1 1 2 1 2 1 1 1 2 1 1 1 1 1 2 1 1 1 1 1 1 1 1 1 1 1 1 1 1 1 2 1 2 1 
2 1 1 1 1 1 1 1 1 1 1 1 1 1 1 2 2 2 1 1 1 1 1 1 1 1 1 1 1 1 1 1 2 1 1 1 2 2 1 1 1 1 1 1 2 1 2 1 1 1 
1 1 1 1 1 1 1 1 1 1 1 1 1 1 2 1 2 1 2 1 1 1 2 2 1 1 2 2 1 1 2 2 1 1 1 1 1 1 1 2 1 1 1 1 1 1 1 2 2 1 
1 1 1 1 1 1 1 1 1 2 2 1 1 1 1 1 1 1 1 1 1 2 1 1 1 1 1 1 2 1 2 1 1 1 2 1 2 1 1 2 1 1 1 1 1 2 2 1 2 1 
1 1 1 1 1 1 1 1 1 2 1 1 1 1 1 2 1 1 1 1 1 1 1 1 1 1 1 1 1 1 2 1 1 2 1 1 1 2 1 1 2 2 2 2 1 1 1 1 2 1 
1 1 1 1 1 1 1 1 1 1 1 1 1 2 2 2 1 1 1 1 1 1 1 1 1 1 1 1 1 1 2 1 1 2 1 1 1 1 1 1 2 1 2 1 1 2 2 1 1 2 
2 1 1 1 1 1 1 1 1 2 1 2 1 1 1 1 1 2 1 2 1 2 1 2 1 1 2 1 1 1 2 1 2 1 1 1 2 1 1 2 2 1 1 1 1 2 1 1 1 1 
1 1 1 1 1 1 1 1 1 1 2 1 2 1 1 1 1 2 1 1 1 2 1 1 1 2 1 1 1 1 1 2 1 1 1 1 1 1 1 2 1 1 2 1 1 2 1 1 2 1 
1 1 1 1 1 1 1 1 1 1 1 1 1 1 1 1 1 1 1 1 1 1 1 1 1 2 2 2 1 2 1 1 2 1 1 2 1 1 2 1 1 1 1 1 2 2 1 1 1 1 
1 1 1 1 1 1 1 1 1 1 1 1 2 1 1 2 1 1 1 1 1 1 1 2 1 2 1 1 1 2 1 1 1 1 2 1 1 2 1 1 1 2 2 2 1 2 1 1 1 2 
1 1 1 1 1 1 1 1 1 1 1 1 2 1 1 1 2 2 1 1 1 1 1 1 1 1 1 1 1 1 1 1 1 1 2 1 1 1 1 1 1 2 1 1 1 1 1 1 1 1 
1 1 1 1 1 1 1 1 1 1 1 1 2 1 1 1 1 2 2 1 1 1 1 2 1 1 1 1 1 2 1 1 1 1 1 1 1 1 1 1 1 1 1 1 1 2 1 1 1 1 
2 1 1 1 1 1 1 1 1 1 1 1 2 1 1 1 1 1 2 1 1 1 1 2 1 2 2 1 2 1 1 1 1 2 2 1 1 1 1 2 1 2 1 1 1 1 2 1 2 2 
1 1 1 1 1 1 1 1 1 1 1 1 2 1 2 2 2 1 1 1 1 2 2 1 1 1 1 1 1 1 2 2 1 1 1 1 1 1 1 1 1 2 1 2 1 1 1 1 1 1 
1 1 1 1 1 1 1 1 1 1 2 1 1 1 1 1 1 1 2 1 1 1 1 1 1 1 1 2 2 1 2 2 1 1 1 1 2 1 1 1 1 1 1 2 1 1 1 1 1 1 
1 1 1 1 1 1 1 1 1 1 2 1 2 2 1 1 1 1 1 1 2 1 1 2 1 1 1 1 1 1 1 1 2 1 1 2 2 1 2 2 1 1 2 1 2 1 1 1 1 2 

Nb:2    Size: 530 / -279817888 Cycles:   0 / 580  Eq.left:116
Initial temperature: 3.767341

Stopped at cycle 1348 3232

1 1 1 1 1 1 1 1 1 2 1 1 1 1 2 2 1 1 1 2 1 2 1 1 2 1 2 1 2 1 1 2 1 1 1 1 1 1 1 1 1 1 1 1 1 1 2 1 1 1 
1 1 1 1 1 1 2 1 2 1 1 2 2 1 1 0 2 1 1 1 1 1 2 2 1 2 1 1 2 1 1 1 1 1 1 1 2 1 1 2 1 1 1 1 2 1 1 2 1 1 
1 1 2 1 1 1 2 0 1 2 2 2 1 0 1 1 1 1 1 2 1 1 1 1 2 2 2 1 1 1 2 1 1 1 1 1 1 2 1 1 1 1 1 1 1 1 1 1 1 1 
1 1 2 1 1 1 1 2 1 1 1 1 1 1 1 1 2 2 1 1 1 2 1 1 1 2 1 1 1 1 2 1 1 1 1 1 1 1 1 1 1 1 1 1 1 1 1 2 1 2 
1 1 1 2 1 2 1 1 1 1 1 2 1 1 0 0 0 0 0 0 0 0 0 0 0 2 1 1 1 1 1 1 1 1 1 1 1 1 1 2 1 1 2 1 1 1 2 1 2 1 
1 2 1 1 1 2 2 1 1 1 2 1 2 1 0 0 0 0 0 0 0 0 0 0 0 1 2 1 1 1 2 1 1 2 1 2 1 1 2 1 1 2 1 1 1 1 1 1 1 1 
2 1 1 2 1 1 1 2 1 2 2 1 2 2 0 0 0 0 0 0 0 0 0 0 0 2 1 1 2 2 2 1 1 1 1 1 1 1 1 1 1 2 1 1 2 1 1 2 1 2 
1 1 1 1 1 2 1 1 1 2 1 1 1 1 0 0 0 0 0 0 0 0 0 0 0 1 1 1 1 1 1 1 1 1 1 1 2 1 1 1 1 1 1 1 2 1 2 1 2 2 
1 1 2 0 1 1 1 1 1 1 1 1 1 1 0 0 0 0 0 0 0 0 0 0 0 2 1 1 1 1 1 2 1 2 1 2 1 1 1 2 1 1 1 1 1 1 1 1 1 2 
2 1 1 2 1 2 2 1 1 1 1 2 2 1 0 0 0 0 3 3 3 3 3 3 3 2 1 1 2 1 1 1 1 1 1 1 1 1 1 1 1 1 2 1 2 1 1 1 1 1 
2 1 1 2 1 1 2 1 1 2 2 2 1 1 3 3 3 3 3 3 3 3 0 0 0 1 1 1 2 1 1 1 1 1 1 1 1 2 1 2 1 2 1 1 2 1 1 1 1 1 
1 0 2 1 1 1 1 1 2 1 1 1 1 1 1 0 0 0 0 0 0 0 0 0 0 1 1 1 1 1 1 1 1 1 2 1 2 1 1 1 1 1 2 1 2 1 2 2 1 1 
1 1 2 1 1 1 2 1 1 1 2 2 1 1 1 1 0 0 0 0 0 0 0 0 0 1 1 2 2 1 1 2 1 2 1 2 2 1 2 1 1 1 1 2 1 1 1 1 1 1 
2 2 1 2 1 1 2 1 1 1 1 1 1 1 1 1 1 0 0 0 0 0 0 0 